FLUX    1     9.09        3.298047E+16   0.0000E+00   0.0000E+00   1.00000
FLUX    2     9.35        3.206337E+16   0.0000E+00   0.0000E+00   1.00000
FLUX    3     9.61        3.119589E+16   0.0000E+00   0.0000E+00   1.00000
FLUX    4     9.77        3.068500E+16   0.0000E+00   0.0000E+00   1.00000
FLUX    5     9.96        3.009965E+16   0.0000E+00   0.0000E+00   1.00000
FLUX    6    10.20        2.939142E+16   0.0000E+00   0.0000E+00   1.00000
FLUX    7    10.38        2.888174E+16   0.0000E+00   0.0000E+00   1.00000
FLUX    8    10.56        2.838944E+16   0.0000E+00   0.0000E+00   1.00000
FLUX    9    10.77        2.783588E+16   0.0000E+00   0.0000E+00   1.00000
FLUX   10    11.04        2.715512E+16   0.0000E+00   0.0000E+00   1.00000
FLUX   11    11.40        2.629759E+16   0.0000E+00   0.0000E+00   1.00000
FLUX   12    11.78        2.544928E+16   0.0000E+00   0.0000E+00   1.00000
FLUX   13    12.13        2.471496E+16   0.0000E+00   0.0000E+00   1.00000
FLUX   14    12.48        2.402184E+16   0.0000E+00   0.0000E+00   1.00000
FLUX   15    12.71        2.358714E+16   0.0000E+00   0.0000E+00   1.00000
FLUX   16    12.84        2.334832E+16   0.0000E+00   0.0000E+00   1.00000
FLUX   17    13.05        2.297261E+16   0.0000E+00   0.0000E+00   1.00000
FLUX   18    13.24        2.264294E+16   0.0000E+00   0.0000E+00   1.00000
FLUX   19    13.39        2.238928E+16   0.0000E+00   0.0000E+00   1.00000
FLUX   20    13.66        2.194674E+16   0.0000E+00   0.0000E+00   1.00000
FLUX   21    13.98        2.144439E+16   0.0000E+00   0.0000E+00   1.00000
FLUX   22    14.33        2.092062E+16   0.0000E+00   0.0000E+00   1.00000
FLUX   23    14.72        2.036634E+16   0.0000E+00   0.0000E+00   1.00000
FLUX   24    15.10        1.985381E+16   0.0000E+00   0.0000E+00   1.00000
FLUX   25    15.52        1.931653E+16   0.0000E+00   0.0000E+00   1.00000
FLUX   26    15.88        1.887862E+16   0.0000E+00   0.0000E+00   1.00000
FLUX   27    16.20        1.850571E+16   0.0000E+00   0.0000E+00   1.00000
FLUX   28    16.60        1.805979E+16   0.0000E+00   0.0000E+00   1.00000
FLUX   29    17.03        1.760379E+16   0.0000E+00   0.0000E+00   1.00000
FLUX   30    17.34        1.728907E+16   0.0000E+00   0.0000E+00   1.00000
FLUX   31    17.68        1.695659E+16   0.0000E+00   0.0000E+00   1.00000
FLUX   32    18.02        1.663665E+16   0.0000E+00   0.0000E+00   1.00000
FLUX   33    18.17        1.649931E+16   0.0000E+00   0.0000E+00   1.00000
FLUX   34    18.61        1.610921E+16   0.0000E+00   0.0000E+00   1.00000
FLUX   35    19.10        1.569594E+16   0.0000E+00   0.0000E+00   1.00000
FLUX   36    19.39        1.546119E+16   0.0000E+00   0.0000E+00   1.00000
FLUX   37    19.84        1.511051E+16   0.0000E+00   0.0000E+00   1.00000
FLUX   38    20.18        1.485592E+16   0.0000E+00   0.0000E+00   1.00000
FLUX   39    20.50        1.462402E+16   0.0000E+00   0.0000E+00   1.00000
FLUX   40    21.05        1.424192E+16   0.0000E+00   0.0000E+00   1.00000
FLUX   41    21.62        1.386644E+16   0.0000E+00   0.0000E+00   1.00000
FLUX   42    21.98        1.363933E+16   0.0000E+00   0.0000E+00   1.00000
FLUX   43    22.30        1.344361E+16   0.0000E+00   0.0000E+00   1.00000
FLUX   44    22.68        1.321836E+16   0.0000E+00   0.0000E+00   1.00000
FLUX   45    23.00        1.303446E+16   0.0000E+00   0.0000E+00   1.00000
FLUX   46    23.40        1.281165E+16   0.0000E+00   0.0000E+00   1.00000
FLUX   47    24.00        1.249135E+16   0.0000E+00   0.0000E+00   1.00000
FLUX   48    24.65        1.216197E+16   0.0000E+00   0.0000E+00   1.00000
FLUX   49    25.24        1.187767E+16   0.0000E+00   0.0000E+00   1.00000
FLUX   50    25.68        1.167416E+16   0.0000E+00   0.0000E+00   1.00000
FLUX   51    26.00        1.153048E+16   6.2769E-38   6.2935E-38   0.99736
FLUX   52    26.40        1.135578E+16   2.3328E-37   2.3387E-37   0.99748
FLUX   53    26.85        1.116546E+16   8.5510E-37   8.5714E-37   0.99762
FLUX   54    27.35        1.096133E+16   3.3792E-36   3.3869E-36   0.99773
FLUX   55    27.85        1.076454E+16   1.2710E-35   1.2738E-35   0.99780
FLUX   56    28.40        1.055607E+16   5.1792E-35   5.1900E-35   0.99792
FLUX   57    29.00        1.033767E+16   2.2694E-34   2.2708E-34   0.99938
FLUX   58    29.60        1.012812E+16   9.3794E-34   9.3797E-34   0.99997
FLUX   59    30.10        9.959883E+15   2.9504E-33   2.9515E-33   0.99963
FLUX   60    30.80        9.733523E+15   1.3863E-32   1.3863E-32   1.00000
FLUX   61    31.80        9.427437E+15   1.1335E-31   1.1335E-31   1.00000
FLUX   62    32.80        9.140016E+15   8.2457E-31   8.2459E-31   0.99998
FLUX   63    33.80        8.869601E+15   5.3778E-30   5.3779E-30   0.99998
FLUX   64    34.80        8.614727E+15   3.1770E-29   3.1771E-29   0.99997
FLUX   65    35.70        8.397549E+15   1.4529E-28   1.4530E-28   0.99993
FLUX   66    36.60        8.191052E+15   6.1917E-28   6.1918E-28   0.99998
FLUX   67    37.50        7.994466E+15   2.4685E-27   2.4693E-27   0.99968
FLUX   68    38.50        7.786818E+15   1.0698E-26   1.0698E-26   1.00000
FLUX   69    39.50        7.589683E+15   4.3134E-26   4.3147E-26   0.99970
FLUX   70    40.50        7.402284E+15   1.6293E-25   1.6294E-25   0.99994
FLUX   71    41.40        7.241364E+15   5.1131E-25   5.1132E-25   0.99998
FLUX   72    42.20        7.104087E+15   1.3579E-24   1.3580E-24   0.99993
FLUX   73    43.00        6.971918E+15   3.4770E-24   3.4815E-24   0.99871
FLUX   74    44.10        6.798016E+15   1.2044E-23   1.2045E-23   0.99992
FLUX   75    45.10        6.647284E+15   3.5349E-23   3.5351E-23   0.99994
FLUX   76    46.00        6.517228E+15   8.9606E-23   8.9607E-23   0.99999
FLUX   77    47.00        6.378564E+15   2.4167E-22   2.4172E-22   0.99979
FLUX   78    48.00        6.245677E+15   6.2507E-22   6.2511E-22   0.99994
FLUX   79    49.00        6.118214E+15   1.5574E-21   1.5574E-21   1.00000
FLUX   80    50.00        5.995850E+15   3.7442E-21   3.7442E-21   1.00000
FLUX   81    50.60        5.924753E+15   7.4291E-21   8.0453E-21   0.92341
FLUX   82    51.20        5.855322E+15   1.2997E-20   1.3078E-20   0.99381
FLUX   83    52.00        5.765240E+15   2.4411E-20   2.4548E-20   0.99442
FLUX   84    53.00        5.656462E+15   5.2477E-20   5.2543E-20   0.99874
FLUX   85    54.00        5.551713E+15   1.0888E-19   1.0945E-19   0.99479
FLUX   86    55.00        5.450773E+15   2.2204E-19   2.2216E-19   0.99946
FLUX   87    56.00        5.353437E+15   4.3979E-19   4.3986E-19   0.99984
FLUX   88    57.00        5.259518E+15   8.5102E-19   8.5103E-19   0.99999
FLUX   89    58.00        5.168836E+15   1.6035E-18   1.6104E-18   0.99572
FLUX   90    59.00        5.081229E+15   2.9810E-18   2.9820E-18   0.99966
FLUX   91    60.00        4.996542E+15   5.4073E-18   5.4096E-18   0.99957
FLUX   92    61.00        4.914631E+15   9.6163E-18   9.6164E-18   0.99999
FLUX   93    62.00        4.835363E+15   1.6791E-17   1.6792E-17   0.99994
FLUX   94    63.00        4.758611E+15   2.8828E-17   2.8828E-17   1.00000
FLUX   95    64.00        4.684258E+15   4.8643E-17   4.8662E-17   0.99961
FLUX   96    65.00        4.612193E+15   8.0800E-17   8.0802E-17   0.99998
FLUX   97    65.80        4.556117E+15   1.1982E-16   1.1982E-16   1.00000
FLUX   98    66.50        4.508158E+15   1.6778E-16   1.6783E-16   0.99970
FLUX   99    67.50        4.441370E+15   2.6838E-16   2.6844E-16   0.99978
FLUX  100    68.50        4.376533E+15   4.2351E-16   4.2358E-16   0.99983
FLUX  101    69.50        4.313561E+15   6.5947E-16   6.5948E-16   0.99998
FLUX  102    70.50        4.252376E+15   1.0126E-15   1.0132E-15   0.99941
FLUX  103    71.60        4.187046E+15   1.6019E-15   1.6019E-15   1.00000
FLUX  104    72.60        4.129373E+15   2.4003E-15   2.4003E-15   1.00000
FLUX  105    73.50        4.078809E+15   3.4225E-15   3.4226E-15   0.99997
FLUX  106    74.50        4.024060E+15   5.0238E-15   5.0243E-15   0.99990
FLUX  107    75.50        3.970761E+15   7.2957E-15   7.2965E-15   0.99989
FLUX  108    76.50        3.918856E+15   1.0488E-14   1.0489E-14   0.99990
FLUX  109    77.50        3.868290E+15   1.4933E-14   1.4934E-14   0.99993
FLUX  110    78.50        3.819013E+15   2.1074E-14   2.1074E-14   1.00000
FLUX  111    79.50        3.770975E+15   2.9459E-14   2.9477E-14   0.99939
FLUX  112    80.50        3.724130E+15   4.0852E-14   4.0864E-14   0.99971
FLUX  113    81.50        3.678435E+15   5.6176E-14   5.6179E-14   0.99995
FLUX  114    82.50        3.633848E+15   7.6614E-14   7.6616E-14   0.99997
FLUX  115    83.50        3.590329E+15   1.0366E-13   1.0368E-13   0.99981
FLUX  116    84.50        3.547840E+15   1.3932E-13   1.3933E-13   0.99993
FLUX  117    85.50        3.506345E+15   1.8583E-13   1.8583E-13   1.00000
FLUX  118    86.50        3.465809E+15   2.4614E-13   2.4614E-13   1.00000
FLUX  119    87.50        3.426200E+15   3.2377E-13   3.2382E-13   0.99985
FLUX  120    88.50        3.387486E+15   4.2326E-13   4.2326E-13   1.00000
FLUX  121    89.50        3.349637E+15   5.4989E-13   5.4989E-13   1.00000
FLUX  122    90.50        3.312624E+15   7.0986E-13   7.1003E-13   0.99976
FLUX  123    91.50        3.276421E+15   9.1252E-12   1.9926E-10   0.04580
FLUX  124    92.50        3.241000E+15   6.8198E-11   2.4466E-10   0.27875
FLUX  125    93.50        3.206337E+15   1.1795E-10   2.9439E-10   0.40066
FLUX  126    94.50        3.172407E+15   2.0201E-10   3.5054E-10   0.57628
FLUX  127    95.50        3.139188E+15   2.9899E-10   4.1516E-10   0.72018
FLUX  128    96.50        3.106658E+15   4.0035E-10   4.8640E-10   0.82309
FLUX  129    97.50        3.074795E+15   3.4232E-10   5.6431E-10   0.60662
FLUX  130    98.50        3.043579E+15   5.7333E-10   6.6539E-10   0.86165
FLUX  131    99.50        3.012990E+15   6.3573E-10   7.7090E-10   0.82466
FLUX  132   100.50        2.983010E+15   8.0134E-10   8.8811E-10   0.90230
FLUX  133   101.50        2.953621E+15   9.1779E-10   1.0127E-09   0.90628
FLUX  134   102.50        2.924805E+15   6.8045E-10   1.1987E-09   0.56766
FLUX  135   103.50        2.896546E+15   1.2057E-09   1.3755E-09   0.87655
FLUX  136   104.50        2.868828E+15   1.4763E-09   1.5817E-09   0.93336
FLUX  137   105.50        2.841635E+15   1.7131E-09   1.8172E-09   0.94271
FLUX  138   106.50        2.814953E+15   1.8988E-09   2.0912E-09   0.90800
FLUX  139   107.50        2.788767E+15   2.2609E-09   2.4088E-09   0.93860
FLUX  140   108.50        2.763064E+15   2.5890E-09   2.7707E-09   0.93442
FLUX  141   109.50        2.737831E+15   2.8338E-09   3.1750E-09   0.89254
FLUX  142   110.50        2.713054E+15   4.5072E-09   4.2435E-07   0.01062
FLUX  143   111.50        2.688722E+15   9.6457E-08   6.2462E-07   0.15443
FLUX  144   112.50        2.664822E+15   1.7477E-07   8.1181E-07   0.21528
FLUX  145   113.50        2.641344E+15   2.6914E-07   1.1347E-06   0.23719
FLUX  146   114.50        2.618275E+15   2.3653E-07   1.2665E-06   0.18676
FLUX  147   115.50        2.595606E+15   2.8394E-07   1.3215E-06   0.21486
FLUX  148   116.50        2.573326E+15   2.7279E-07   1.2862E-06   0.21209
FLUX  149   117.50        2.551426E+15   1.6579E-07   1.1564E-06   0.14337
FLUX  150   118.50        2.529894E+15   8.7029E-08   1.8422E-06   0.04724
FLUX  151   119.50        2.508724E+15   1.3120E-08   1.8714E-06   0.00701
FLUX  152   120.50        2.487905E+15   1.1950E-08   1.8849E-06   0.00634
FLUX  153   121.50        2.467428E+15   3.0980E-09   1.8873E-06   0.00164
FLUX  154   122.50        2.447286E+15   1.2673E-08   2.2302E-06   0.00568
FLUX  155   123.50        2.427470E+15   2.8096E-08   2.2164E-06   0.01268
FLUX  156   124.50        2.407972E+15   9.4689E-08   5.1339E-06   0.01844
FLUX  157   125.50        2.388785E+15   7.5546E-07   7.2970E-06   0.10353
FLUX  158   126.50        2.369901E+15   1.0728E-06   8.7187E-06   0.12305
FLUX  159   127.50        2.351314E+15   2.4475E-06   9.4564E-06   0.25882
FLUX  160   128.50        2.333015E+15   3.9438E-06   1.0070E-05   0.39164
FLUX  161   129.50        2.315000E+15   4.1151E-06   1.0436E-05   0.39432
FLUX  162   130.50        2.297260E+15   2.2345E-06   1.0740E-05   0.20805
FLUX  163   131.50        2.279791E+15   4.6745E-06   1.0952E-05   0.42682
FLUX  164   132.50        2.262585E+15   5.6291E-06   1.1127E-05   0.50590
FLUX  165   133.50        2.245637E+15   5.3828E-06   1.1267E-05   0.47775
FLUX  166   134.50        2.228941E+15   6.8439E-06   1.1374E-05   0.60171
FLUX  167   135.50        2.212491E+15   6.3939E-06   1.1469E-05   0.55749
FLUX  168   136.50        2.196282E+15   5.7926E-06   1.1564E-05   0.50092
FLUX  169   137.50        2.180309E+15   6.5454E-06   1.1645E-05   0.56208
FLUX  170   138.50        2.164567E+15   6.1271E-06   1.1715E-05   0.52301
FLUX  171   139.50        2.149050E+15   6.5590E-06   1.1775E-05   0.55703
FLUX  172   140.50        2.133754E+15   7.1764E-06   1.1829E-05   0.60668
FLUX  173   141.50        2.118675E+15   7.1729E-06   1.1877E-05   0.60393
FLUX  174   142.50        2.103807E+15   8.1414E-06   1.1977E-05   0.67975
FLUX  175   143.50        2.089146E+15   7.2450E-06   1.2019E-05   0.60280
FLUX  176   144.20        2.079005E+15   8.5380E-06   1.2048E-05   0.70867
FLUX  177   144.70        2.071821E+15   9.2732E-06   1.2809E-05   0.72396
FLUX  178   145.50        2.060429E+15   9.3761E-06   1.2839E-05   0.73028
FLUX  179   146.50        2.046365E+15   8.5878E-06   1.2875E-05   0.66701
FLUX  180   147.50        2.032492E+15   8.3052E-06   1.2906E-05   0.64351
FLUX  181   148.50        2.018805E+15   8.8940E-06   1.2933E-05   0.68770
FLUX  182   149.50        2.005301E+15   9.8943E-06   1.2956E-05   0.76368
FLUX  183   150.50        1.991977E+15   1.0105E-05   1.2976E-05   0.77875
FLUX  184   151.20        1.982755E+15   9.1070E-06   1.2989E-05   0.70113
FLUX  185   151.70        1.976220E+15   1.0234E-05   1.3771E-05   0.74316
FLUX  186   152.50        1.965852E+15   9.4304E-06   1.5255E-05   0.61818
FLUX  187   153.50        1.953046E+15   9.3303E-06   1.5860E-05   0.58829
FLUX  188   154.50        1.940404E+15   1.1057E-05   1.5900E-05   0.69541
FLUX  189   155.50        1.927926E+15   8.7900E-06   1.5939E-05   0.55148
FLUX  190   156.50        1.915607E+15   7.6577E-06   1.5977E-05   0.47930
FLUX  191   157.50        1.903444E+15   9.7960E-06   1.6032E-05   0.61103
FLUX  192   158.50        1.891435E+15   1.1316E-05   1.6067E-05   0.70430
FLUX  193   159.50        1.879577E+15   1.2224E-05   1.6100E-05   0.75925
FLUX  194   160.50        1.867866E+15   1.1764E-05   1.6131E-05   0.72928
FLUX  195   161.50        1.856300E+15   1.1798E-05   1.6161E-05   0.73003
FLUX  196   162.50        1.844877E+15   1.0477E-05   1.6199E-05   0.64677
FLUX  197   163.50        1.833593E+15   1.0993E-05   1.6228E-05   0.67741
FLUX  198   164.50        1.822447E+15   1.2402E-05   1.6257E-05   0.76287
FLUX  199   165.50        1.811435E+15   1.0039E-05   1.6285E-05   0.61646
FLUX  200   166.50        1.800556E+15   1.2340E-05   1.6314E-05   0.75641
FLUX  201   167.20        1.793017E+15   9.0329E-06   1.6333E-05   0.55305
FLUX  202   167.70        1.787671E+15   1.1791E-05   1.6560E-05   0.71202
FLUX  203   168.50        1.779184E+15   1.3307E-05   1.6689E-05   0.79735
FLUX  204   169.50        1.768687E+15   1.1935E-05   1.6714E-05   0.71407
FLUX  205   170.50        1.758314E+15   1.1710E-05   1.6740E-05   0.69952
FLUX  206   171.50        1.748061E+15   1.1832E-05   1.6773E-05   0.70542
FLUX  207   172.50        1.737928E+15   1.1762E-05   1.6799E-05   0.70016
FLUX  208   173.50        1.727911E+15   1.2678E-05   1.6824E-05   0.75357
FLUX  209   174.50        1.718009E+15   1.2517E-05   1.6849E-05   0.74289
FLUX  210   175.50        1.708219E+15   1.3917E-05   1.6873E-05   0.82481
FLUX  211   176.50        1.698541E+15   1.1801E-05   1.6898E-05   0.69837
FLUX  212   177.50        1.688972E+15   1.3552E-05   1.6922E-05   0.80085
FLUX  213   178.50        1.679510E+15   1.3595E-05   1.6946E-05   0.80225
FLUX  214   179.50        1.670153E+15   1.4971E-05   1.6972E-05   0.88210
FLUX  215   180.50        1.660900E+15   1.4264E-05   1.6997E-05   0.83921
FLUX  216   181.50        1.651749E+15   1.4322E-05   1.7023E-05   0.84133
FLUX  217   182.50        1.642699E+15   1.3835E-05   1.7049E-05   0.81148
FLUX  218   183.50        1.633747E+15   1.3505E-05   1.7077E-05   0.79083
FLUX  219   184.50        1.624892E+15   1.2542E-05   1.7104E-05   0.73328
FLUX  220   185.50        1.616132E+15   1.3409E-05   1.7132E-05   0.78269
FLUX  221   186.50        1.607466E+15   1.3640E-05   1.7160E-05   0.79487
FLUX  222   187.50        1.598893E+15   1.4412E-05   1.7191E-05   0.83835
FLUX  223   188.50        1.590411E+15   1.4354E-05   1.7219E-05   0.83361
FLUX  224   189.50        1.582018E+15   1.4394E-05   1.7249E-05   0.83448
FLUX  225   190.50        1.573714E+15   1.3795E-05   1.7278E-05   0.79841
FLUX  226   191.50        1.565496E+15   1.4561E-05   1.7311E-05   0.84114
FLUX  227   192.50        1.557364E+15   1.4801E-05   1.7342E-05   0.85348
FLUX  228   193.50        1.549315E+15   1.4427E-05   1.7372E-05   0.83047
FLUX  229   194.50        1.541350E+15   1.5401E-05   1.7402E-05   0.88501
FLUX  230   195.50        1.533465E+15   1.5280E-05   1.7433E-05   0.87650
FLUX  231   196.70        1.524110E+15   1.5972E-05   1.7470E-05   0.91425
FLUX  232   197.60        1.517168E+15   1.5875E-05   1.7504E-05   0.90694
FLUX  233   198.40        1.511051E+15   1.5495E-05   1.7530E-05   0.88391
FLUX  234   199.50        1.502719E+15   1.5159E-05   1.7567E-05   0.86292
FLUX  235   200.50        1.495224E+15   1.5097E-05   1.7599E-05   0.85783
FLUX  236   201.50        1.487804E+15   1.4488E-05   1.7631E-05   0.82173
FLUX  237   202.50        1.480457E+15   1.4738E-05   1.7663E-05   0.83440
FLUX  238   203.50        1.473182E+15   1.5226E-05   1.7696E-05   0.86042
FLUX  239   204.50        1.465978E+15   1.5882E-05   1.7730E-05   0.89577
FLUX  240   205.50        1.458844E+15   1.5263E-05   1.7763E-05   0.85926
FLUX  241   206.50        1.451780E+15   1.5178E-05   1.7797E-05   0.85284
FLUX  242   207.40        1.445480E+15   1.5968E-05   1.7828E-05   0.89567
FLUX  243   207.80        1.442697E+15   1.6431E-05   1.7889E-05   0.91850
FLUX  244   208.50        1.437854E+15   1.6327E-05   1.7914E-05   0.91141
FLUX  245   209.50        1.430990E+15   1.5852E-05   1.7949E-05   0.88317
FLUX  246   210.50        1.424192E+15   1.5574E-05   1.7985E-05   0.86594
FLUX  247   211.50        1.417459E+15   1.5705E-05   1.8021E-05   0.87148
FLUX  248   212.50        1.410788E+15   1.6027E-05   1.8058E-05   0.88753
FLUX  249   213.50        1.404180E+15   1.3956E-05   1.8094E-05   0.77131
FLUX  250   214.50        1.397634E+15   1.5622E-05   1.8132E-05   0.86157
FLUX  251   215.50        1.391148E+15   1.5872E-05   1.8169E-05   0.87358
FLUX  252   216.50        1.384723E+15   1.5204E-05   1.8207E-05   0.83506
FLUX  253   217.50        1.378356E+15   1.5086E-05   1.8245E-05   0.82686
FLUX  254   218.50        1.372048E+15   1.5245E-05   1.8283E-05   0.83383
FLUX  255   219.50        1.365797E+15   1.6195E-05   1.8322E-05   0.88391
FLUX  256   220.50        1.359603E+15   1.5645E-05   1.8361E-05   0.85208
FLUX  257   221.50        1.353465E+15   1.4507E-05   1.8400E-05   0.78842
FLUX  258   222.50        1.347382E+15   1.4381E-05   1.8440E-05   0.77988
FLUX  259   223.50        1.341353E+15   1.6030E-05   1.8480E-05   0.86742
FLUX  260   224.50        1.335379E+15   1.4577E-05   1.8521E-05   0.78705
FLUX  261   225.50        1.329457E+15   1.4399E-05   1.8563E-05   0.77568
FLUX  262   226.50        1.323587E+15   1.4642E-05   1.8604E-05   0.78704
FLUX  263   227.50        1.317769E+15   1.5608E-05   1.8644E-05   0.83716
FLUX  264   228.50        1.312002E+15   1.6188E-05   1.8685E-05   0.86636
FLUX  265   229.50        1.306285E+15   1.5339E-05   1.8727E-05   0.81908
FLUX  266   230.50        1.300618E+15   1.5115E-05   1.8769E-05   0.80532
FLUX  267   231.50        1.295000E+15   1.4731E-05   1.8811E-05   0.78311
FLUX  268   232.50        1.289430E+15   1.4801E-05   1.8853E-05   0.78507
FLUX  269   233.50        1.283908E+15   1.4195E-05   1.8896E-05   0.75122
FLUX  270   234.50        1.278433E+15   1.3314E-05   1.8940E-05   0.70296
FLUX  271   235.50        1.273004E+15   1.5037E-05   1.8983E-05   0.79213
FLUX  272   236.50        1.267622E+15   1.3577E-05   1.9027E-05   0.71356
FLUX  273   237.50        1.262284E+15   1.4408E-05   1.9071E-05   0.75549
FLUX  274   238.50        1.256992E+15   1.2910E-05   1.9115E-05   0.67539
FLUX  275   239.50        1.251743E+15   1.4263E-05   1.9159E-05   0.74445
FLUX  276   240.50        1.246538E+15   1.3660E-05   1.9203E-05   0.71135
FLUX  277   241.50        1.241377E+15   1.4114E-05   1.9248E-05   0.73327
FLUX  278   242.50        1.236258E+15   1.5007E-05   1.9293E-05   0.77785
FLUX  279   243.50        1.231181E+15   1.4398E-05   1.9338E-05   0.74454
FLUX  280   244.50        1.226145E+15   1.5492E-05   1.9384E-05   0.79922
FLUX  281   245.50        1.221151E+15   1.4995E-05   1.9430E-05   0.77174
FLUX  282   246.50        1.216197E+15   1.5079E-05   1.9475E-05   0.77427
FLUX  283   247.50        1.211283E+15   1.4565E-05   1.9521E-05   0.74612
FLUX  284   248.50        1.206408E+15   1.5461E-05   1.9567E-05   0.79016
FLUX  285   249.50        1.201573E+15   1.5022E-05   1.9614E-05   0.76588
FLUX  286   250.50        1.196776E+15   1.6564E-05   1.9660E-05   0.84252
FLUX  287   251.30        1.192966E+15   1.5105E-05   1.9698E-05   0.76683
FLUX  288   251.80        1.190598E+15   1.5395E-05   1.9740E-05   0.77989
FLUX  289   252.50        1.187297E+15   1.4487E-05   1.9773E-05   0.73267
FLUX  290   253.50        1.182613E+15   1.4413E-05   1.9822E-05   0.72712
FLUX  291   254.50        1.177967E+15   1.4489E-05   1.9870E-05   0.72919
FLUX  292   255.50        1.173356E+15   1.5497E-05   1.9919E-05   0.77800
FLUX  293   256.50        1.168782E+15   1.5541E-05   1.9968E-05   0.77830
FLUX  294   257.50        1.164243E+15   1.6660E-05   2.0017E-05   0.83229
FLUX  295   258.50        1.159739E+15   1.6781E-05   2.0066E-05   0.83629
FLUX  296   259.50        1.155270E+15   1.6655E-05   2.0115E-05   0.82799
FLUX  297   260.50        1.150835E+15   1.6066E-05   2.0165E-05   0.79673
FLUX  298   261.50        1.146434E+15   1.6055E-05   2.0215E-05   0.79421
FLUX  299   262.50        1.142067E+15   1.6941E-05   2.0264E-05   0.83601
FLUX  300   263.50        1.137732E+15   1.7116E-05   2.0314E-05   0.84257
FLUX  301   264.50        1.133431E+15   1.8804E-05   2.0364E-05   0.92339
FLUX  302   265.50        1.129162E+15   1.8652E-05   2.0414E-05   0.91369
FLUX  303   266.50        1.124925E+15   1.7362E-05   2.0463E-05   0.84846
FLUX  304   267.50        1.120720E+15   1.8180E-05   2.0513E-05   0.88627
FLUX  305   268.50        1.116546E+15   1.8207E-05   2.0563E-05   0.88543
FLUX  306   269.50        1.112403E+15   1.7610E-05   2.0613E-05   0.85432
FLUX  307   270.50        1.108290E+15   1.8096E-05   2.0663E-05   0.87577
FLUX  308   271.50        1.104208E+15   1.7389E-05   2.0713E-05   0.83952
FLUX  309   272.50        1.100156E+15   1.7633E-05   2.0763E-05   0.84925
FLUX  310   273.50        1.096133E+15   1.8936E-05   2.0813E-05   0.90982
FLUX  311   274.50        1.092140E+15   1.6589E-05   2.0864E-05   0.79510
FLUX  312   275.50        1.088176E+15   1.6781E-05   2.0914E-05   0.80238
FLUX  313   276.50        1.084240E+15   1.7409E-05   2.0964E-05   0.83042
FLUX  314   277.50        1.080333E+15   1.8557E-05   2.1014E-05   0.88308
FLUX  315   278.50        1.076454E+15   1.8268E-05   2.1064E-05   0.86726
FLUX  316   279.50        1.072603E+15   1.4514E-05   2.1114E-05   0.68741
FLUX  317   280.50        1.068779E+15   1.6305E-05   2.1164E-05   0.77041
FLUX  318   281.50        1.064982E+15   1.9333E-05   2.1215E-05   0.91129
FLUX  319   282.50        1.061212E+15   1.9623E-05   2.1265E-05   0.92278
FLUX  320   283.50        1.057469E+15   1.9010E-05   2.1315E-05   0.89186
FLUX  321   284.50        1.053752E+15   1.8452E-05   2.1365E-05   0.86366
FLUX  322   285.50        1.050061E+15   1.8106E-05   2.1415E-05   0.84548
FLUX  323   286.50        1.046396E+15   1.9251E-05   2.1465E-05   0.89686
FLUX  324   287.50        1.042757E+15   1.8846E-05   2.1514E-05   0.87599
FLUX  325   288.50        1.039142E+15   1.9345E-05   2.1564E-05   0.89710
FLUX  326   289.50        1.035553E+15   1.8826E-05   2.1614E-05   0.87101
FLUX  327   291.00        1.030215E+15   2.0617E-05   2.1689E-05   0.95057
FLUX  328   293.00        1.023183E+15   2.0034E-05   2.1788E-05   0.91950
FLUX  329   295.00        1.016246E+15   2.0234E-05   2.1887E-05   0.92448
FLUX  330   297.00        1.009402E+15   2.0628E-05   2.1985E-05   0.93828
FLUX  331   299.00        1.002651E+15   2.0900E-05   2.2084E-05   0.94639
FLUX  332   301.00        9.959884E+14   2.1407E-05   2.2182E-05   0.96506
FLUX  333   303.00        9.894142E+14   2.1405E-05   2.2279E-05   0.96077
FLUX  334   305.00        9.829262E+14   2.1422E-05   2.2376E-05   0.95737
FLUX  335   307.00        9.765228E+14   2.1404E-05   2.2472E-05   0.95247
FLUX  336   309.00        9.702022E+14   2.1805E-05   2.2568E-05   0.96619
FLUX  337   311.00        9.639630E+14   2.1584E-05   2.2663E-05   0.95239
FLUX  338   313.00        9.578035E+14   2.1702E-05   2.2758E-05   0.95360
FLUX  339   315.00        9.517222E+14   2.2102E-05   2.2853E-05   0.96714
FLUX  340   317.00        9.457176E+14   2.2156E-05   2.2947E-05   0.96553
FLUX  341   319.00        9.397884E+14   2.1665E-05   2.3041E-05   0.94028
FLUX  342   321.00        9.339330E+14   2.2220E-05   2.3134E-05   0.96049
FLUX  343   323.00        9.281502E+14   2.2039E-05   2.3227E-05   0.94885
FLUX  344   325.00        9.224384E+14   2.2399E-05   2.3319E-05   0.96055
FLUX  345   327.00        9.167966E+14   2.2659E-05   2.3409E-05   0.96796
FLUX  346   329.00        9.112234E+14   2.2960E-05   2.3500E-05   0.97702
FLUX  347   331.00        9.057175E+14   2.3191E-05   2.3589E-05   0.98313
FLUX  348   333.00        9.002778E+14   2.2983E-05   2.3678E-05   0.97065
FLUX  349   335.00        8.949029E+14   2.2864E-05   2.3766E-05   0.96205
FLUX  350   337.00        8.895919E+14   2.3081E-05   2.3852E-05   0.96768
FLUX  351   339.00        8.843436E+14   2.3094E-05   2.3939E-05   0.96470
FLUX  352   341.00        8.791569E+14   2.3568E-05   2.4024E-05   0.98102
FLUX  353   343.00        8.740306E+14   2.3679E-05   2.4108E-05   0.98221
FLUX  354   345.00        8.689638E+14   2.3747E-05   2.4192E-05   0.98161
FLUX  355   347.00        8.639554E+14   2.3710E-05   2.4274E-05   0.97677
FLUX  356   349.00        8.590043E+14   2.3823E-05   2.4356E-05   0.97812
FLUX  357   351.00        8.541097E+14   2.4136E-05   2.4436E-05   0.98772
FLUX  358   353.00        8.492705E+14   2.4328E-05   2.4516E-05   0.99233
FLUX  359   355.00        8.444859E+14   2.4475E-05   2.4595E-05   0.99512
FLUX  360   357.00        8.397549E+14   2.4340E-05   2.4673E-05   0.98650
FLUX  361   359.00        8.350766E+14   2.4434E-05   2.4750E-05   0.98723
FLUX  362   361.00        8.304501E+14   2.4533E-05   2.4827E-05   0.98816
FLUX  363   363.00        8.258746E+14   2.4639E-05   2.4901E-05   0.98948
FLUX  364   364.00        8.236057E+14   2.4653E-05   2.4939E-05   0.98853
FLUX  365   365.00        8.213493E+14   2.5105E-05   8.2625E-05   0.30384
FLUX  366   367.00        8.168733E+14   2.5253E-05   8.2217E-05   0.30715
FLUX  367   369.00        8.124458E+14   2.4823E-05   8.1839E-05   0.30332
FLUX  368   371.00        8.080660E+14   2.4669E-05   8.1436E-05   0.30292
FLUX  369   373.00        8.037332E+14   2.4319E-05   8.1035E-05   0.30010
FLUX  370   375.00        7.994467E+14   2.9302E-05   8.0637E-05   0.36338
FLUX  371   377.00        7.952055E+14   3.1302E-05   8.0245E-05   0.39008
FLUX  372   379.00        7.910092E+14   3.9241E-05   7.9852E-05   0.49142
FLUX  373   381.00        7.868569E+14   4.7018E-05   7.9460E-05   0.59172
FLUX  374   383.00        7.827481E+14   3.7443E-05   7.9071E-05   0.47354
FLUX  375   385.00        7.786818E+14   5.3367E-05   7.8685E-05   0.67824
FLUX  376   387.00        7.746576E+14   6.2325E-05   7.8301E-05   0.79597
FLUX  377   389.00        7.706748E+14   3.3143E-05   7.7920E-05   0.42535
FLUX  378   391.00        7.667327E+14   6.3332E-05   7.7541E-05   0.81675
FLUX  379   393.00        7.628308E+14   6.8127E-05   7.7164E-05   0.88289
FLUX  380   395.00        7.589684E+14   6.4423E-05   7.6791E-05   0.83894
FLUX  381   397.00        7.551448E+14   3.2969E-05   7.6420E-05   0.43142
FLUX  382   399.00        7.513596E+14   6.2170E-05   7.6052E-05   0.81747
FLUX  383   401.00        7.476122E+14   7.1843E-05   7.5688E-05   0.94920
FLUX  384   403.00        7.439020E+14   7.2497E-05   7.5326E-05   0.96244
FLUX  385   405.00        7.402284E+14   7.2349E-05   7.4967E-05   0.96508
FLUX  386   407.00        7.365909E+14   6.8873E-05   7.4611E-05   0.92309
FLUX  387   409.00        7.329890E+14   5.1148E-05   7.4256E-05   0.68881
FLUX  388   411.00        7.294221E+14   3.8828E-05   7.3904E-05   0.52538
FLUX  389   413.00        7.258898E+14   6.5960E-05   7.3555E-05   0.89674
FLUX  390   415.00        7.223916E+14   7.0825E-05   7.3210E-05   0.96742
FLUX  391   417.00        7.189269E+14   7.1135E-05   7.2866E-05   0.97624
FLUX  392   419.00        7.154952E+14   7.1149E-05   7.2526E-05   0.98101
FLUX  393   421.00        7.120962E+14   7.1013E-05   7.2187E-05   0.98374
FLUX  394   423.00        7.087293E+14   7.0194E-05   7.1851E-05   0.97694
FLUX  395   425.00        7.053941E+14   6.9933E-05   7.1517E-05   0.97785
FLUX  396   427.00        7.020902E+14   6.8968E-05   7.1186E-05   0.96884
FLUX  397   429.00        6.988170E+14   6.8600E-05   7.0857E-05   0.96815
FLUX  398   431.00        6.955742E+14   6.4362E-05   7.0530E-05   0.91255
FLUX  399   433.00        6.923614E+14   4.6221E-05   7.0206E-05   0.65836
FLUX  400   435.00        6.891782E+14   3.9450E-05   6.9883E-05   0.56451
FLUX  401   437.00        6.860241E+14   6.3355E-05   6.9564E-05   0.91074
FLUX  402   439.00        6.828987E+14   6.6205E-05   6.9245E-05   0.95610
FLUX  403   441.00        6.798016E+14   6.7073E-05   6.8929E-05   0.97307
FLUX  404   443.00        6.767325E+14   6.7002E-05   6.8615E-05   0.97649
FLUX  405   445.00        6.736910E+14   6.7495E-05   6.8303E-05   0.98817
FLUX  406   447.00        6.706767E+14   6.7050E-05   6.7993E-05   0.98613
FLUX  407   449.00        6.676893E+14   6.5997E-05   6.7686E-05   0.97505
FLUX  408   451.00        6.647284E+14   6.6598E-05   6.7380E-05   0.98839
FLUX  409   453.00        6.617936E+14   6.6129E-05   6.7077E-05   0.98587
FLUX  410   455.00        6.588846E+14   6.5284E-05   6.6776E-05   0.97766
FLUX  411   457.00        6.560011E+14   6.5897E-05   6.6477E-05   0.99128
FLUX  412   459.00        6.531427E+14   6.5182E-05   6.6181E-05   0.98491
FLUX  413   461.00        6.503091E+14   6.5724E-05   6.5886E-05   0.99754
FLUX  414   463.00        6.475000E+14   6.4674E-05   6.5593E-05   0.98599
FLUX  415   465.00        6.447151E+14   6.5105E-05   6.5302E-05   0.99698
FLUX  416   467.00        6.419539E+14   6.4721E-05   6.5013E-05   0.99551
FLUX  417   469.00        6.392164E+14   6.3885E-05   6.4725E-05   0.98702
FLUX  418   471.00        6.365021E+14   6.2445E-05   6.4440E-05   0.96904
FLUX  419   473.00        6.338108E+14   6.3755E-05   6.4157E-05   0.99373
FLUX  420   475.00        6.311421E+14   6.3435E-05   6.3876E-05   0.99310
FLUX  421   477.00        6.284958E+14   6.3062E-05   6.3597E-05   0.99159
FLUX  422   479.00        6.258716E+14   6.2508E-05   6.3320E-05   0.98718
FLUX  423   481.00        6.232692E+14   6.1330E-05   6.3044E-05   0.97281
FLUX  424   483.00        6.206884E+14   5.8126E-05   6.2771E-05   0.92600
FLUX  425   485.00        6.181289E+14   4.3631E-05   6.2499E-05   0.69811
FLUX  426   487.00        6.155903E+14   3.5550E-05   6.2229E-05   0.57128
FLUX  427   489.00        6.130726E+14   5.5583E-05   6.1961E-05   0.89706
FLUX  428   491.00        6.105754E+14   5.9671E-05   6.1695E-05   0.96719
FLUX  429   493.00        6.080984E+14   5.9940E-05   6.1431E-05   0.97573
FLUX  430   495.00        6.056414E+14   6.0498E-05   6.1168E-05   0.98905
FLUX  431   497.00        6.032042E+14   6.0568E-05   6.0907E-05   0.99443
FLUX  432   499.00        6.007865E+14   6.0208E-05   6.0647E-05   0.99276
FLUX  433   501.00        5.983882E+14   5.9359E-05   6.0389E-05   0.98294
FLUX  434   503.00        5.960089E+14   5.9625E-05   6.0133E-05   0.99155
FLUX  435   505.00        5.936485E+14   5.8983E-05   5.9878E-05   0.98505
FLUX  436   507.00        5.913067E+14   5.9341E-05   5.9625E-05   0.99524
FLUX  437   509.00        5.889833E+14   5.9101E-05   5.9373E-05   0.99542
FLUX  438   511.00        5.866781E+14   5.8818E-05   5.9124E-05   0.99482
FLUX  439   513.00        5.843908E+14   5.8605E-05   5.8876E-05   0.99540
FLUX  440   515.00        5.821213E+14   5.8188E-05   5.8629E-05   0.99248
FLUX  441   517.00        5.798694E+14   5.7368E-05   5.8385E-05   0.98258
FLUX  442   519.00        5.776348E+14   5.7290E-05   5.8142E-05   0.98535
FLUX  443   521.00        5.754174E+14   5.7483E-05   5.7901E-05   0.99278
FLUX  444   523.00        5.732170E+14   5.6886E-05   5.7661E-05   0.98656
FLUX  445   525.00        5.710334E+14   5.7150E-05   5.7423E-05   0.99525
FLUX  446   527.00        5.688662E+14   5.6283E-05   5.7186E-05   0.98421
FLUX  447   529.00        5.667155E+14   5.6711E-05   5.6951E-05   0.99579
FLUX  448   531.00        5.645810E+14   5.6095E-05   5.6718E-05   0.98902
FLUX  449   533.00        5.624625E+14   5.5910E-05   5.6486E-05   0.98980
FLUX  450   535.00        5.603598E+14   5.6069E-05   5.6256E-05   0.99668
FLUX  451   537.00        5.582728E+14   5.5738E-05   5.6027E-05   0.99484
FLUX  452   539.00        5.562013E+14   5.5532E-05   5.5799E-05   0.99521
FLUX  453   541.00        5.541451E+14   5.5127E-05   5.5573E-05   0.99197
FLUX  454   543.00        5.521041E+14   5.5046E-05   5.5349E-05   0.99453
FLUX  455   545.00        5.500780E+14   5.4955E-05   5.5125E-05   0.99692
FLUX  456   547.00        5.480667E+14   5.4702E-05   5.4903E-05   0.99634
FLUX  457   549.00        5.460701E+14   5.4515E-05   5.4683E-05   0.99693
FLUX  458   551.00        5.440880E+14   5.4295E-05   5.4463E-05   0.99692
FLUX  459   553.00        5.421202E+14   5.4027E-05   5.4246E-05   0.99596
FLUX  460   555.00        5.401667E+14   5.3903E-05   5.4029E-05   0.99767
FLUX  461   557.00        5.382271E+14   5.3674E-05   5.3814E-05   0.99740
FLUX  462   559.00        5.363014E+14   5.3478E-05   5.3600E-05   0.99772
FLUX  463   561.00        5.343895E+14   5.3322E-05   5.3387E-05   0.99878
FLUX  464   563.00        5.324911E+14   5.3124E-05   5.3176E-05   0.99902
FLUX  465   565.00        5.306062E+14   5.2857E-05   5.2966E-05   0.99794
FLUX  466   567.00        5.287346E+14   5.2645E-05   5.2758E-05   0.99786
FLUX  467   569.00        5.268761E+14   5.2487E-05   5.2550E-05   0.99880
FLUX  468   571.00        5.250306E+14   5.2295E-05   5.2344E-05   0.99906
FLUX  469   573.00        5.231981E+14   5.2121E-05   5.2140E-05   0.99964
FLUX  470   575.00        5.213783E+14   5.1879E-05   5.1936E-05   0.99890
FLUX  471   577.00        5.195711E+14   5.1691E-05   5.1734E-05   0.99917
FLUX  472   579.00        5.177763E+14   5.1464E-05   5.1533E-05   0.99866
FLUX  473   581.00        5.159940E+14   5.1288E-05   5.1333E-05   0.99912
FLUX  474   583.00        5.142239E+14   5.1097E-05   5.1135E-05   0.99926
FLUX  475   585.00        5.124658E+14   5.0904E-05   5.0937E-05   0.99935
FLUX  476   587.00        5.107198E+14   5.0626E-05   5.0741E-05   0.99773
FLUX  477   589.00        5.089856E+14   5.0212E-05   5.0545E-05   0.99341
FLUX  478   591.00        5.072631E+14   5.0308E-05   5.0352E-05   0.99913
FLUX  479   593.00        5.055523E+14   5.0133E-05   5.0159E-05   0.99948
FLUX  480   595.00        5.038529E+14   4.9856E-05   4.9967E-05   0.99778
FLUX  481   597.00        5.021650E+14   4.9720E-05   4.9777E-05   0.99885
FLUX  482   599.00        5.004883E+14   4.9460E-05   4.9587E-05   0.99744
FLUX  483   601.00        4.988228E+14   4.9312E-05   4.9399E-05   0.99824
FLUX  484   603.00        4.971683E+14   4.9178E-05   4.9212E-05   0.99931
FLUX  485   605.00        4.955248E+14   4.8972E-05   4.9027E-05   0.99888
FLUX  486   607.00        4.938921E+14   4.8812E-05   4.8843E-05   0.99937
FLUX  487   609.00        4.922701E+14   4.8627E-05   4.8660E-05   0.99932
FLUX  488   611.00        4.906587E+14   4.8441E-05   4.8478E-05   0.99924
FLUX  489   613.00        4.890579E+14   4.8239E-05   4.8297E-05   0.99880
FLUX  490   615.00        4.874675E+14   4.7659E-05   4.8117E-05   0.99048
FLUX  491   617.00        4.858874E+14   4.7850E-05   4.7938E-05   0.99816
FLUX  492   619.00        4.843175E+14   4.7738E-05   4.7759E-05   0.99956
FLUX  493   621.00        4.827576E+14   4.7556E-05   4.7582E-05   0.99945
FLUX  494   623.00        4.812079E+14   4.7357E-05   4.7406E-05   0.99897
FLUX  495   625.00        4.796680E+14   4.6994E-05   4.7231E-05   0.99498
FLUX  496   627.00        4.781379E+14   4.7040E-05   4.7057E-05   0.99964
FLUX  497   629.00        4.766177E+14   4.6866E-05   4.6884E-05   0.99962
FLUX  498   631.00        4.751070E+14   4.6638E-05   4.6712E-05   0.99842
FLUX  499   633.00        4.736058E+14   4.6503E-05   4.6541E-05   0.99918
FLUX  500   635.00        4.721142E+14   4.5948E-05   4.6370E-05   0.99090
FLUX  501   637.00        4.706319E+14   4.5928E-05   4.6201E-05   0.99409
FLUX  502   639.00        4.691588E+14   4.5974E-05   4.6033E-05   0.99872
FLUX  503   641.00        4.676950E+14   4.5746E-05   4.5866E-05   0.99738
FLUX  504   643.00        4.662403E+14   4.5556E-05   4.5699E-05   0.99687
FLUX  505   645.00        4.647946E+14   4.5135E-05   4.5534E-05   0.99124
FLUX  506   647.00        4.633578E+14   4.5110E-05   4.5370E-05   0.99427
FLUX  507   649.00        4.619299E+14   4.4695E-05   4.5206E-05   0.98870
FLUX  508   651.00        4.605108E+14   4.4146E-05   4.5043E-05   0.98009
FLUX  509   653.00        4.591003E+14   4.2591E-05   4.4881E-05   0.94898
FLUX  510   655.00        4.576985E+14   3.6273E-05   4.4721E-05   0.81110
FLUX  511   657.00        4.563052E+14   2.9587E-05   4.4561E-05   0.66397
FLUX  512   659.00        4.549203E+14   4.0465E-05   4.4402E-05   0.91133
FLUX  513   661.00        4.535439E+14   4.3001E-05   4.4244E-05   0.97191
FLUX  514   663.00        4.521757E+14   4.3531E-05   4.4087E-05   0.98739
FLUX  515   665.00        4.508158E+14   4.3622E-05   4.3930E-05   0.99299
FLUX  516   667.00        4.494640E+14   4.3560E-05   4.3774E-05   0.99511
FLUX  517   669.00        4.481203E+14   4.3478E-05   4.3620E-05   0.99674
FLUX  518   671.00        4.467846E+14   4.3415E-05   4.3466E-05   0.99883
FLUX  519   673.00        4.454569E+14   4.3231E-05   4.3313E-05   0.99811
FLUX  520   675.00        4.441370E+14   4.3107E-05   4.3160E-05   0.99877
FLUX  521   677.00        4.428250E+14   4.2996E-05   4.3009E-05   0.99970
FLUX  522   679.00        4.415206E+14   4.2834E-05   4.2858E-05   0.99944
FLUX  523   681.00        4.402239E+14   4.2694E-05   4.2708E-05   0.99967
FLUX  524   683.00        4.389349E+14   4.2518E-05   4.2559E-05   0.99904
FLUX  525   685.00        4.376533E+14   4.2381E-05   4.2411E-05   0.99929
FLUX  526   687.00        4.363792E+14   4.2245E-05   4.2264E-05   0.99955
FLUX  527   689.00        4.351125E+14   4.2103E-05   4.2117E-05   0.99967
FLUX  528   691.00        4.338531E+14   4.1953E-05   4.1971E-05   0.99957
FLUX  529   693.00        4.326010E+14   4.1794E-05   4.1826E-05   0.99923
FLUX  530   695.00        4.313561E+14   4.1663E-05   4.1682E-05   0.99954
FLUX  531   697.00        4.301184E+14   4.1516E-05   4.1539E-05   0.99945
FLUX  532   699.00        4.288877E+14   4.1387E-05   4.1397E-05   0.99976
FLUX  533   701.00        4.276641E+14   4.1161E-05   4.1255E-05   0.99772
FLUX  534   703.00        4.264474E+14   4.1086E-05   4.1113E-05   0.99934
FLUX  535   705.00        4.252376E+14   4.0933E-05   4.0973E-05   0.99902
FLUX  536   707.00        4.240346E+14   4.0815E-05   4.0833E-05   0.99956
FLUX  537   709.00        4.228385E+14   4.0689E-05   4.0694E-05   0.99988
FLUX  538   711.00        4.216491E+14   4.0329E-05   4.0556E-05   0.99440
FLUX  539   713.00        4.204663E+14   4.0366E-05   4.0418E-05   0.99871
FLUX  540   715.00        4.192902E+14   4.0227E-05   4.0281E-05   0.99866
FLUX  541   717.00        4.181206E+14   4.0122E-05   4.0145E-05   0.99943
FLUX  542   719.00        4.169576E+14   3.9987E-05   4.0010E-05   0.99943
FLUX  543   721.00        4.158010E+14   3.9857E-05   3.9875E-05   0.99955
FLUX  544   723.00        4.146508E+14   3.9713E-05   3.9741E-05   0.99930
FLUX  545   725.00        4.135069E+14   3.9543E-05   3.9608E-05   0.99836
FLUX  546   727.00        4.123693E+14   3.9460E-05   3.9475E-05   0.99962
FLUX  547   729.00        4.112380E+14   3.9306E-05   3.9343E-05   0.99906
FLUX  548   731.00        4.101129E+14   3.9180E-05   3.9212E-05   0.99918
FLUX  549   733.00        4.089939E+14   3.9062E-05   3.9082E-05   0.99949
FLUX  550   735.00        4.078810E+14   3.8942E-05   3.8952E-05   0.99974
FLUX  551   737.00        4.067741E+14   3.8818E-05   3.8822E-05   0.99990
FLUX  552   739.00        4.056732E+14   3.8677E-05   3.8694E-05   0.99956
FLUX  553   741.00        4.045783E+14   3.8528E-05   3.8565E-05   0.99904
FLUX  554   743.00        4.034892E+14   3.8315E-05   3.8438E-05   0.99680
FLUX  555   745.00        4.024060E+14   3.8239E-05   3.8311E-05   0.99812
FLUX  556   747.00        4.013287E+14   3.8031E-05   3.8185E-05   0.99597
FLUX  557   749.00        4.002570E+14   3.7978E-05   3.8060E-05   0.99785
FLUX  558   751.00        3.991911E+14   3.7884E-05   3.7935E-05   0.99866
FLUX  559   753.00        3.981308E+14   3.7790E-05   3.7810E-05   0.99947
FLUX  560   755.00        3.970762E+14   3.7679E-05   3.7687E-05   0.99979
FLUX  561   757.00        3.960271E+14   3.7553E-05   3.7564E-05   0.99971
FLUX  562   759.00        3.949835E+14   3.7433E-05   3.7442E-05   0.99976
FLUX  563   761.00        3.939455E+14   3.7316E-05   3.7320E-05   0.99989
FLUX  564   763.00        3.929128E+14   3.7188E-05   3.7199E-05   0.99970
FLUX  565   765.00        3.918856E+14   3.7057E-05   3.7078E-05   0.99943
FLUX  566   767.00        3.908638E+14   3.6924E-05   3.6958E-05   0.99908
FLUX  567   769.00        3.898472E+14   3.6814E-05   3.6839E-05   0.99932
FLUX  568   771.00        3.888359E+14   3.6689E-05   3.6720E-05   0.99916
FLUX  569   773.00        3.878299E+14   3.6591E-05   3.6602E-05   0.99970
FLUX  570   775.00        3.868290E+14   3.6472E-05   3.6484E-05   0.99967
FLUX  571   777.00        3.858333E+14   3.5695E-05   3.6367E-05   0.98152
FLUX  572   779.00        3.848427E+14   3.6242E-05   3.6251E-05   0.99975
FLUX  573   781.00        3.838572E+14   3.6131E-05   3.6135E-05   0.99989
FLUX  574   783.00        3.828767E+14   3.5993E-05   3.6020E-05   0.99925
FLUX  575   785.00        3.819013E+14   3.5840E-05   3.5905E-05   0.99819
FLUX  576   787.00        3.809307E+14   3.5625E-05   3.5791E-05   0.99536
FLUX  577   789.00        3.799652E+14   3.5440E-05   3.5677E-05   0.99336
FLUX  578   791.00        3.790044E+14   3.5500E-05   3.5564E-05   0.99820
FLUX  579   793.00        3.780486E+14   3.5421E-05   3.5451E-05   0.99915
FLUX  580   795.00        3.770975E+14   3.5175E-05   3.5339E-05   0.99536
FLUX  581   797.00        3.761512E+14   3.5221E-05   3.5228E-05   0.99980
FLUX  582   799.00        3.752096E+14   3.4786E-05   3.5117E-05   0.99057
FLUX  583   801.00        3.742728E+14   3.4992E-05   3.5007E-05   0.99957
FLUX  584   803.00        3.733406E+14   3.4873E-05   3.4897E-05   0.99931
FLUX  585   805.00        3.724130E+14   3.4775E-05   3.4787E-05   0.99966
FLUX  586   807.00        3.714901E+14   3.4656E-05   3.4678E-05   0.99937
FLUX  587   809.00        3.705717E+14   3.4553E-05   3.4570E-05   0.99951
FLUX  588   811.00        3.696578E+14   3.4446E-05   3.4462E-05   0.99954
FLUX  589   813.00        3.687484E+14   3.4350E-05   3.4354E-05   0.99988
FLUX  590   815.00        3.678435E+14   3.4244E-05   3.4248E-05   0.99988
FLUX  591   817.00        3.669431E+14   3.4139E-05   3.4141E-05   0.99994
FLUX  592   819.00        3.660470E+14   3.3889E-05   3.4036E-05   0.99568
FLUX  593   821.00        3.651553E+14   3.3907E-05   4.1090E-05   0.82519
FLUX  594   823.00        3.642679E+14   3.3775E-05   4.0945E-05   0.82489
FLUX  595   825.00        3.633848E+14   3.3777E-05   4.0801E-05   0.82785
FLUX  596   827.00        3.625060E+14   3.3854E-05   4.0658E-05   0.83265
FLUX  597   829.00        3.616315E+14   3.3735E-05   4.0515E-05   0.83265
FLUX  598   831.00        3.607611E+14   3.3677E-05   4.0373E-05   0.83415
FLUX  599   833.00        3.598949E+14   3.3466E-05   4.0232E-05   0.83183
FLUX  600   835.00        3.590329E+14   3.3502E-05   4.0091E-05   0.83565
FLUX  601   837.00        3.581750E+14   3.3419E-05   3.9952E-05   0.83648
FLUX  602   839.00        3.573212E+14   3.3302E-05   3.9813E-05   0.83646
FLUX  603   841.00        3.564714E+14   3.3186E-05   3.9674E-05   0.83647
FLUX  604   843.00        3.556257E+14   3.3041E-05   3.9537E-05   0.83570
FLUX  605   845.00        3.547840E+14   3.2543E-05   3.9400E-05   0.82596
FLUX  606   847.00        3.539463E+14   3.2578E-05   3.9264E-05   0.82972
FLUX  607   849.00        3.531125E+14   3.2668E-05   3.9129E-05   0.83488
FLUX  608   851.00        3.522826E+14   3.1844E-05   3.8994E-05   0.81664
FLUX  609   853.00        3.514566E+14   3.2596E-05   3.8860E-05   0.83881
FLUX  610   855.00        3.506345E+14   3.0656E-05   3.8727E-05   0.79159
FLUX  611   857.00        3.498162E+14   3.2837E-05   3.8594E-05   0.85083
FLUX  612   859.00        3.490017E+14   3.1053E-05   3.8463E-05   0.80735
FLUX  613   861.00        3.481911E+14   3.0607E-05   3.8331E-05   0.79849
FLUX  614   863.00        3.473841E+14   3.3197E-05   3.8201E-05   0.86901
FLUX  615   865.00        3.465809E+14   3.1798E-05   3.8071E-05   0.83523
FLUX  616   867.00        3.457814E+14   2.7569E-05   3.7942E-05   0.72661
FLUX  617   869.00        3.449856E+14   3.2550E-05   3.7814E-05   0.86079
FLUX  618   871.00        3.441934E+14   3.3988E-05   3.7686E-05   0.90187
FLUX  619   873.00        3.434049E+14   3.2413E-05   3.7559E-05   0.86299
FLUX  620   875.00        3.426200E+14   2.6207E-05   3.7432E-05   0.70012
FLUX  621   877.00        3.418387E+14   3.0914E-05   3.7306E-05   0.82866
FLUX  622   879.00        3.410609E+14   3.4347E-05   3.7181E-05   0.92378
FLUX  623   881.00        3.402866E+14   3.4930E-05   3.7057E-05   0.94260
FLUX  624   883.00        3.395159E+14   3.3817E-05   3.6933E-05   0.91563
FLUX  625   885.00        3.387486E+14   2.9505E-05   3.6809E-05   0.80157
FLUX  626   887.00        3.379848E+14   2.5480E-05   3.6687E-05   0.69452
FLUX  627   889.00        3.372244E+14   3.2100E-05   3.6565E-05   0.87789
FLUX  628   891.00        3.364674E+14   3.4423E-05   3.6443E-05   0.94457
FLUX  629   893.00        3.357139E+14   3.5025E-05   3.6323E-05   0.96427
FLUX  630   895.00        3.349637E+14   3.5167E-05   3.6202E-05   0.97141
FLUX  631   897.00        3.342168E+14   3.4390E-05   3.6083E-05   0.95308
FLUX  632   899.00        3.334733E+14   3.2040E-05   3.5964E-05   0.89089
FLUX  633   901.00        3.327331E+14   2.5442E-05   3.5846E-05   0.70976
FLUX  634   903.00        3.319961E+14   2.7675E-05   3.5728E-05   0.77460
FLUX  635   905.00        3.312624E+14   3.2622E-05   3.5611E-05   0.91607
FLUX  636   907.00        3.305320E+14   3.3803E-05   3.5494E-05   0.95236
FLUX  637   909.00        3.298047E+14   3.4035E-05   3.5378E-05   0.96204
FLUX  638   911.00        3.290807E+14   3.4567E-05   3.5263E-05   0.98026
FLUX  639   913.00        3.283598E+14   3.4620E-05   3.5148E-05   0.98498
FLUX  640   915.00        3.276421E+14   3.4473E-05   3.5034E-05   0.98399
FLUX  641   917.00        3.269275E+14   3.3963E-05   3.4920E-05   0.97259
FLUX  642   919.00        3.262160E+14   3.2753E-05   3.4807E-05   0.94099
FLUX  643   921.00        3.255076E+14   2.9619E-05   3.4694E-05   0.85372
FLUX  644   923.00        3.248023E+14   2.3357E-05   3.4582E-05   0.67541
FLUX  645   925.00        3.241000E+14   2.8578E-05   3.4471E-05   0.82904
FLUX  646   927.00        3.234007E+14   3.1551E-05   3.4360E-05   0.91825
FLUX  647   929.00        3.227045E+14   3.3281E-05   3.4249E-05   0.97174
FLUX  648   931.00        3.220113E+14   3.3641E-05   3.4139E-05   0.98541
FLUX  649   933.00        3.213210E+14   3.3686E-05   3.4030E-05   0.98989
FLUX  650   935.00        3.206337E+14   3.3690E-05   3.3921E-05   0.99319
FLUX  651   937.00        3.199493E+14   3.3631E-05   3.3813E-05   0.99462
FLUX  652   939.00        3.192678E+14   3.3378E-05   3.3705E-05   0.99030
FLUX  653   941.00        3.185893E+14   3.2940E-05   3.3598E-05   0.98042
FLUX  654   943.00        3.179136E+14   3.3203E-05   3.3491E-05   0.99140
FLUX  655   945.00        3.172407E+14   3.3053E-05   3.3385E-05   0.99006
FLUX  656   947.00        3.165707E+14   3.2759E-05   3.3279E-05   0.98437
FLUX  657   949.00        3.159036E+14   3.2221E-05   3.3174E-05   0.97127
FLUX  658   951.00        3.152392E+14   3.0967E-05   3.3069E-05   0.93644
FLUX  659   953.00        3.145776E+14   2.7567E-05   3.2965E-05   0.83625
FLUX  660   955.00        3.139189E+14   2.2502E-05   3.2861E-05   0.68476
FLUX  661   957.00        3.132628E+14   2.8107E-05   3.2758E-05   0.85802
FLUX  662   959.00        3.126095E+14   3.0858E-05   3.2655E-05   0.94497
FLUX  663   961.00        3.119589E+14   3.1654E-05   3.2553E-05   0.97238
FLUX  664   963.00        3.113110E+14   3.1635E-05   3.2451E-05   0.97485
FLUX  665   965.00        3.106658E+14   3.2063E-05   3.2350E-05   0.99113
FLUX  666   967.00        3.100233E+14   3.1864E-05   3.2249E-05   0.98806
FLUX  667   969.00        3.093834E+14   3.1958E-05   3.2148E-05   0.99409
FLUX  668   971.00        3.087461E+14   3.1957E-05   3.2048E-05   0.99716
FLUX  669   973.00        3.081115E+14   3.1862E-05   3.1949E-05   0.99728
FLUX  670   975.00        3.074795E+14   3.1787E-05   3.1850E-05   0.99802
FLUX  671   977.00        3.068500E+14   3.1734E-05   3.1751E-05   0.99946
FLUX  672   979.00        3.062232E+14   3.1626E-05   3.1653E-05   0.99915
FLUX  673   981.00        3.055989E+14   3.1519E-05   3.1556E-05   0.99883
FLUX  674   983.00        3.049771E+14   3.1369E-05   3.1458E-05   0.99717
FLUX  675   985.00        3.043579E+14   3.1250E-05   3.1362E-05   0.99643
FLUX  676   987.00        3.037411E+14   3.1120E-05   3.1266E-05   0.99533
FLUX  677   989.00        3.031269E+14   3.0883E-05   3.1170E-05   0.99079
FLUX  678   991.00        3.025151E+14   3.0904E-05   3.1074E-05   0.99453
FLUX  679   993.00        3.019058E+14   3.0745E-05   3.0979E-05   0.99245
FLUX  680   995.00        3.012990E+14   3.0596E-05   3.0885E-05   0.99064
FLUX  681   997.00        3.006946E+14   3.0364E-05   3.0791E-05   0.98613
FLUX  682   999.00        3.000926E+14   2.9913E-05   3.0697E-05   0.97446
FLUX  683  1002.50        2.990449E+14   2.6573E-05   3.0535E-05   0.87025
FLUX  684  1007.50        2.975608E+14   2.5436E-05   3.0304E-05   0.83936
FLUX  685  1012.50        2.960914E+14   2.9324E-05   3.0077E-05   0.97496
FLUX  686  1017.50        2.946364E+14   2.9658E-05   2.9852E-05   0.99350
FLUX  687  1022.50        2.931956E+14   2.9566E-05   2.9629E-05   0.99787
FLUX  688  1027.50        2.917688E+14   2.9388E-05   2.9409E-05   0.99929
FLUX  689  1032.50        2.903559E+14   2.9161E-05   2.9192E-05   0.99894
FLUX  690  1037.50        2.889566E+14   2.8950E-05   2.8977E-05   0.99907
FLUX  691  1042.50        2.875707E+14   2.8743E-05   2.8764E-05   0.99927
FLUX  692  1047.50        2.861981E+14   2.8447E-05   2.8554E-05   0.99625
FLUX  693  1052.50        2.848385E+14   2.8256E-05   2.8345E-05   0.99686
FLUX  694  1057.50        2.834917E+14   2.8083E-05   2.8140E-05   0.99797
FLUX  695  1062.50        2.821576E+14   2.7897E-05   2.7936E-05   0.99860
FLUX  696  1067.50        2.808361E+14   2.7408E-05   2.7735E-05   0.98821
FLUX  697  1072.50        2.795268E+14   2.7370E-05   2.7536E-05   0.99397
FLUX  698  1077.50        2.782297E+14   2.7185E-05   2.7339E-05   0.99437
FLUX  699  1082.50        2.769446E+14   2.6872E-05   2.7144E-05   0.98998
FLUX  700  1087.50        2.756713E+14   2.6118E-05   2.6951E-05   0.96909
FLUX  701  1092.50        2.744096E+14   2.1763E-05   2.6760E-05   0.81327
FLUX  702  1097.50        2.731595E+14   2.3992E-05   2.6571E-05   0.90294
FLUX  703  1102.50        2.719206E+14   2.5935E-05   2.6385E-05   0.98294
FLUX  704  1107.50        2.706930E+14   2.6058E-05   2.6200E-05   0.99458
FLUX  705  1112.50        2.694764E+14   2.5947E-05   2.6017E-05   0.99731
FLUX  706  1117.50        2.682707E+14   2.5819E-05   2.5836E-05   0.99934
FLUX  707  1122.50        2.670757E+14   2.5649E-05   2.5657E-05   0.99969
FLUX  708  1127.50        2.658913E+14   2.5225E-05   2.5480E-05   0.98999
FLUX  709  1132.50        2.647174E+14   2.5085E-05   2.5305E-05   0.99131
FLUX  710  1137.50        2.635538E+14   2.5091E-05   2.5131E-05   0.99841
FLUX  711  1142.50        2.624004E+14   2.4903E-05   2.4960E-05   0.99772
FLUX  712  1147.50        2.612571E+14   2.4782E-05   2.4790E-05   0.99968
FLUX  713  1152.50        2.601236E+14   2.4619E-05   2.4621E-05   0.99992
FLUX  714  1157.50        2.590000E+14   2.4448E-05   2.4455E-05   0.99971
FLUX  715  1162.50        2.578860E+14   2.4194E-05   2.4290E-05   0.99605
FLUX  716  1167.50        2.567816E+14   2.3957E-05   2.4127E-05   0.99295
FLUX  717  1172.50        2.556866E+14   2.3961E-05   2.3966E-05   0.99979
FLUX  718  1177.50        2.546008E+14   2.3582E-05   2.3806E-05   0.99059
FLUX  719  1182.50        2.535243E+14   2.3554E-05   2.3648E-05   0.99603
FLUX  720  1187.50        2.524568E+14   2.3367E-05   2.3491E-05   0.99472
FLUX  721  1192.50        2.513983E+14   2.3336E-05   2.3336E-05   1.00000
FLUX  722  1197.50        2.503486E+14   2.3111E-05   2.3182E-05   0.99694
FLUX  723  1202.50        2.493077E+14   2.3009E-05   2.3030E-05   0.99909
FLUX  724  1207.50        2.482754E+14   2.2836E-05   2.2880E-05   0.99808
FLUX  725  1212.50        2.472515E+14   2.2695E-05   2.2731E-05   0.99842
FLUX  726  1217.50        2.462361E+14   2.2570E-05   2.2583E-05   0.99942
FLUX  727  1222.50        2.452290E+14   2.2416E-05   2.2437E-05   0.99906
FLUX  728  1227.50        2.442301E+14   2.2252E-05   2.2292E-05   0.99821
FLUX  729  1232.50        2.432393E+14   2.2118E-05   2.2149E-05   0.99860
FLUX  730  1237.50        2.422566E+14   2.1985E-05   2.2007E-05   0.99900
FLUX  731  1242.50        2.412817E+14   2.1863E-05   2.1866E-05   0.99986
FLUX  732  1247.50        2.403146E+14   2.1667E-05   2.1727E-05   0.99724
FLUX  733  1252.50        2.393553E+14   2.1575E-05   2.1589E-05   0.99935
FLUX  734  1257.50        2.384036E+14   2.1367E-05   2.1452E-05   0.99604
FLUX  735  1262.50        2.374594E+14   2.1224E-05   2.1317E-05   0.99564
FLUX  736  1267.50        2.365227E+14   2.1073E-05   2.1183E-05   0.99481
FLUX  737  1272.50        2.355933E+14   2.0770E-05   2.1050E-05   0.98670
FLUX  738  1277.50        2.346712E+14   1.9743E-05   2.0918E-05   0.94383
FLUX  739  1282.50        2.337563E+14   1.6995E-05   2.0788E-05   0.81754
FLUX  740  1287.50        2.328485E+14   1.9748E-05   2.0659E-05   0.95590
FLUX  741  1292.50        2.319478E+14   2.0301E-05   2.0531E-05   0.98880
FLUX  742  1297.50        2.310539E+14   2.0313E-05   2.0404E-05   0.99554
FLUX  743  1302.50        2.301670E+14   2.0244E-05   2.0279E-05   0.99827
FLUX  744  1307.50        2.292868E+14   2.0152E-05   2.0154E-05   0.99990
FLUX  745  1312.50        2.284133E+14   2.0027E-05   2.0031E-05   0.99980
FLUX  746  1317.50        2.275465E+14   1.9861E-05   1.9909E-05   0.99759
FLUX  747  1322.50        2.266862E+14   1.9786E-05   1.9788E-05   0.99990
FLUX  748  1327.50        2.258324E+14   1.9666E-05   1.9668E-05   0.99990
FLUX  749  1332.50        2.249850E+14   1.9548E-05   1.9549E-05   0.99995
FLUX  750  1337.50        2.241439E+14   1.9430E-05   1.9431E-05   0.99995
FLUX  751  1342.50        2.233091E+14   1.9310E-05   1.9315E-05   0.99974
FLUX  752  1347.50        2.224805E+14   1.9191E-05   1.9199E-05   0.99958
FLUX  753  1352.50        2.216580E+14   1.9057E-05   1.9084E-05   0.99859
FLUX  754  1357.50        2.208416E+14   1.8953E-05   1.8971E-05   0.99905
FLUX  755  1362.50        2.200312E+14   1.8847E-05   1.8858E-05   0.99942
FLUX  756  1367.50        2.192267E+14   1.8727E-05   1.8747E-05   0.99893
FLUX  757  1372.50        2.184280E+14   1.8587E-05   1.8636E-05   0.99737
FLUX  758  1377.50        2.176352E+14   1.8516E-05   1.8526E-05   0.99946
FLUX  759  1382.50        2.168481E+14   1.8410E-05   1.8418E-05   0.99957
FLUX  760  1387.50        2.160667E+14   1.8310E-05   1.8310E-05   1.00000
FLUX  761  1392.50        2.152908E+14   1.8188E-05   1.8203E-05   0.99918
FLUX  762  1397.50        2.145206E+14   1.8093E-05   1.8098E-05   0.99972
FLUX  763  1402.50        2.137558E+14   1.7991E-05   1.7993E-05   0.99989
FLUX  764  1407.50        2.129964E+14   1.7888E-05   1.7889E-05   0.99994
FLUX  765  1412.50        2.122425E+14   1.7781E-05   1.7786E-05   0.99972
FLUX  766  1417.50        2.114938E+14   1.7681E-05   1.7683E-05   0.99989
FLUX  767  1422.50        2.107504E+14   1.7579E-05   1.7582E-05   0.99983
FLUX  768  1427.50        2.100123E+14   1.7479E-05   1.7482E-05   0.99983
FLUX  769  1432.50        2.092792E+14   1.7379E-05   1.7382E-05   0.99983
FLUX  770  1437.50        2.085513E+14   1.7283E-05   1.7283E-05   1.00000
FLUX  771  1442.50        2.078284E+14   1.7075E-05   1.7185E-05   0.99360
FLUX  772  1447.50        2.071105E+14   1.7084E-05   1.7088E-05   0.99977
FLUX  773  1452.50        2.063976E+14   1.6939E-05   1.6992E-05   0.99688
FLUX  774  1457.00        2.057601E+14   1.6902E-05   1.6906E-05   0.99976
FLUX  775  1462.00        2.050564E+14   1.6816E-05   1.7739E-05   0.94797
FLUX  776  1467.50        2.042879E+14   1.6737E-05   1.7626E-05   0.94956
FLUX  777  1472.50        2.035942E+14   1.6645E-05   1.7525E-05   0.94979
FLUX  778  1477.50        2.029052E+14   1.6526E-05   1.7425E-05   0.94841
FLUX  779  1482.50        2.022209E+14   1.6463E-05   1.7326E-05   0.95019
FLUX  780  1487.50        2.015412E+14   1.6347E-05   1.7227E-05   0.94892
FLUX  781  1492.50        2.008660E+14   1.6307E-05   1.7130E-05   0.95196
FLUX  782  1497.50        2.001953E+14   1.6208E-05   1.7033E-05   0.95156
FLUX  783  1502.50        1.995291E+14   1.6109E-05   1.6937E-05   0.95111
FLUX  784  1507.50        1.988673E+14   1.6028E-05   1.6841E-05   0.95172
FLUX  785  1512.50        1.982099E+14   1.5960E-05   1.6747E-05   0.95301
FLUX  786  1517.50        1.975568E+14   1.5871E-05   1.6653E-05   0.95304
FLUX  787  1522.50        1.969080E+14   1.5791E-05   1.6560E-05   0.95356
FLUX  788  1527.50        1.962635E+14   1.5695E-05   1.6468E-05   0.95306
FLUX  789  1532.50        1.956232E+14   1.5601E-05   1.6377E-05   0.95262
FLUX  790  1537.50        1.949870E+14   1.5526E-05   1.6286E-05   0.95333
FLUX  791  1542.50        1.943549E+14   1.5380E-05   1.6196E-05   0.94962
FLUX  792  1547.50        1.937270E+14   1.5345E-05   1.6107E-05   0.95269
FLUX  793  1552.50        1.931031E+14   1.5242E-05   1.6019E-05   0.95150
FLUX  794  1557.50        1.924831E+14   1.5046E-05   1.5931E-05   0.94445
FLUX  795  1562.50        1.918672E+14   1.5180E-05   1.5844E-05   0.95809
FLUX  796  1567.50        1.912552E+14   1.4884E-05   1.5758E-05   0.94454
FLUX  797  1572.50        1.906471E+14   1.4688E-05   1.5672E-05   0.93721
FLUX  798  1577.50        1.900428E+14   1.4977E-05   1.5587E-05   0.96086
FLUX  799  1582.50        1.894423E+14   1.4856E-05   1.5503E-05   0.95827
FLUX  800  1587.50        1.888457E+14   1.4077E-05   1.5419E-05   0.91296
FLUX  801  1592.50        1.882527E+14   1.4515E-05   1.5336E-05   0.94647
FLUX  802  1597.50        1.876635E+14   1.4790E-05   1.5254E-05   0.96958
FLUX  803  1605.00        1.867866E+14   1.4414E-05   1.5132E-05   0.95255
FLUX  804  1615.00        1.856300E+14   1.3843E-05   1.4971E-05   0.92465
FLUX  805  1625.00        1.844877E+14   1.4533E-05   1.4813E-05   0.98110
FLUX  806  1635.00        1.833593E+14   1.3894E-05   1.4657E-05   0.94794
FLUX  807  1645.00        1.822447E+14   1.3251E-05   1.4503E-05   0.91367
FLUX  808  1655.00        1.811435E+14   1.4183E-05   1.4352E-05   0.98822
FLUX  809  1665.00        1.800555E+14   1.4072E-05   1.4204E-05   0.99071
FLUX  810  1675.00        1.789806E+14   1.3276E-05   1.4057E-05   0.94444
FLUX  811  1685.00        1.779184E+14   1.2614E-05   1.3913E-05   0.90663
FLUX  812  1695.00        1.768687E+14   1.3628E-05   1.3771E-05   0.98962
FLUX  813  1705.00        1.758314E+14   1.3572E-05   1.3631E-05   0.99567
FLUX  814  1715.00        1.748061E+14   1.3435E-05   1.3493E-05   0.99570
FLUX  815  1725.00        1.737927E+14   1.3128E-05   1.3358E-05   0.98278
FLUX  816  1735.00        1.727911E+14   1.1687E-05   1.3224E-05   0.88377
FLUX  817  1745.00        1.718009E+14   1.2645E-05   1.3093E-05   0.96578
FLUX  818  1755.00        1.708219E+14   1.2874E-05   1.2963E-05   0.99313
FLUX  819  1765.00        1.698541E+14   1.2797E-05   1.2835E-05   0.99704
FLUX  820  1775.00        1.688972E+14   1.2693E-05   1.2709E-05   0.99874
FLUX  821  1785.00        1.679510E+14   1.2565E-05   1.2585E-05   0.99841
FLUX  822  1795.00        1.670153E+14   1.2422E-05   1.2463E-05   0.99671
FLUX  823  1805.00        1.660900E+14   1.2158E-05   1.2343E-05   0.98501
FLUX  824  1815.00        1.651749E+14   1.0922E-05   1.2224E-05   0.89349
FLUX  825  1825.00        1.642699E+14   1.1560E-05   1.2107E-05   0.95482
FLUX  826  1835.00        1.633747E+14   1.1908E-05   1.1992E-05   0.99300
FLUX  827  1845.00        1.624892E+14   1.1839E-05   1.1879E-05   0.99663
FLUX  828  1855.00        1.616132E+14   1.1700E-05   1.1767E-05   0.99431
FLUX  829  1865.00        1.607467E+14   1.1450E-05   1.1656E-05   0.98233
FLUX  830  1875.00        1.598893E+14   1.0249E-05   1.1547E-05   0.88759
FLUX  831  1885.00        1.590411E+14   1.1180E-05   1.1440E-05   0.97727
FLUX  832  1895.00        1.582018E+14   1.1269E-05   1.1334E-05   0.99427
FLUX  833  1905.00        1.573714E+14   1.1209E-05   1.1230E-05   0.99813
FLUX  834  1915.00        1.565496E+14   1.1106E-05   1.1127E-05   0.99811
FLUX  835  1925.00        1.557364E+14   1.0973E-05   1.1026E-05   0.99519
FLUX  836  1935.00        1.549315E+14   1.0683E-05   1.0925E-05   0.97785
FLUX  837  1945.00        1.541350E+14   9.5805E-06   1.0827E-05   0.88487
FLUX  838  1955.00        1.533465E+14   1.0488E-05   1.0729E-05   0.97754
FLUX  839  1965.00        1.525662E+14   1.0588E-05   1.0633E-05   0.99577
FLUX  840  1975.00        1.517937E+14   1.0528E-05   1.0539E-05   0.99896
FLUX  841  1985.00        1.510290E+14   1.0444E-05   1.0445E-05   0.99990
FLUX  842  1995.00        1.502719E+14   1.0352E-05   1.0353E-05   0.99990
FLUX  843  2005.00        1.495224E+14   1.0261E-05   1.0262E-05   0.99990
FLUX  844  2015.00        1.487804E+14   1.0172E-05   1.0172E-05   1.00000
FLUX  845  2025.00        1.480457E+14   1.0082E-05   1.0083E-05   0.99990
FLUX  846  2035.00        1.473182E+14   9.9942E-06   9.9958E-06   0.99984
FLUX  847  2045.00        1.465978E+14   9.9092E-06   9.9094E-06   0.99998
FLUX  848  2055.00        1.458844E+14   9.8240E-06   9.8242E-06   0.99998
FLUX  849  2065.00        1.451780E+14   9.7374E-06   9.7400E-06   0.99973
FLUX  850  2075.00        1.444783E+14   9.6556E-06   9.6570E-06   0.99985
FLUX  851  2085.00        1.437854E+14   9.5742E-06   9.5750E-06   0.99992
FLUX  852  2095.00        1.430990E+14   9.4929E-06   9.4940E-06   0.99988
FLUX  853  2105.00        1.424192E+14   9.4118E-06   9.4141E-06   0.99976
FLUX  854  2115.00        1.417459E+14   9.3251E-06   9.3352E-06   0.99892
FLUX  855  2125.00        1.410788E+14   9.2462E-06   9.2573E-06   0.99880
FLUX  856  2135.00        1.404180E+14   9.1647E-06   9.1803E-06   0.99830
FLUX  857  2145.00        1.397634E+14   9.0630E-06   9.1043E-06   0.99546
FLUX  858  2155.00        1.391148E+14   8.8594E-06   9.0293E-06   0.98118
FLUX  859  2165.00        1.384723E+14   7.9964E-06   8.9552E-06   0.89293
FLUX  860  2175.00        1.378356E+14   8.6261E-06   8.8820E-06   0.97119
FLUX  861  2185.00        1.372048E+14   8.7601E-06   8.8097E-06   0.99437
FLUX  862  2195.00        1.365797E+14   8.7282E-06   8.7383E-06   0.99884
FLUX  863  2205.00        1.359603E+14   8.6648E-06   8.6678E-06   0.99965
FLUX  864  2215.00        1.353465E+14   8.5917E-06   8.5981E-06   0.99926
FLUX  865  2225.00        1.347382E+14   8.5291E-06   8.5292E-06   0.99999
FLUX  866  2235.00        1.341353E+14   8.4611E-06   8.4612E-06   0.99999
FLUX  867  2245.00        1.335379E+14   8.3939E-06   8.3940E-06   0.99999
FLUX  868  2255.00        1.329457E+14   8.3250E-06   8.3277E-06   0.99968
FLUX  869  2265.00        1.323587E+14   8.2616E-06   8.2620E-06   0.99995
FLUX  870  2275.00        1.317769E+14   8.1966E-06   8.1972E-06   0.99993
FLUX  871  2285.00        1.312002E+14   8.1370E-06   8.2911E-06   0.98141
FLUX  872  2295.00        1.306285E+14   8.0738E-06   8.2258E-06   0.98152
FLUX  873  2305.00        1.300618E+14   8.0139E-06   8.1613E-06   0.98194
FLUX  874  2315.00        1.295000E+14   7.9528E-06   8.0976E-06   0.98212
FLUX  875  2325.00        1.289430E+14   7.8933E-06   8.0346E-06   0.98241
FLUX  876  2335.00        1.283908E+14   7.8336E-06   7.9724E-06   0.98259
FLUX  877  2345.00        1.278433E+14   7.7751E-06   7.9109E-06   0.98283
FLUX  878  2355.00        1.273004E+14   7.7170E-06   7.8501E-06   0.98304
FLUX  879  2365.00        1.267622E+14   7.6596E-06   7.7900E-06   0.98326
FLUX  880  2375.00        1.262284E+14   7.6025E-06   7.7306E-06   0.98343
FLUX  881  2385.00        1.256992E+14   7.5458E-06   7.6718E-06   0.98358
FLUX  882  2395.00        1.251743E+14   7.4900E-06   7.6138E-06   0.98374
FLUX  883  2405.00        1.246538E+14   7.4329E-06   7.5564E-06   0.98366
FLUX  884  2415.00        1.241377E+14   7.3783E-06   7.4996E-06   0.98383
FLUX  885  2425.00        1.236258E+14   7.3245E-06   7.4435E-06   0.98401
FLUX  886  2435.00        1.231181E+14   7.2700E-06   7.3881E-06   0.98401
FLUX  887  2445.00        1.226145E+14   7.2147E-06   7.3332E-06   0.98384
FLUX  888  2455.00        1.221151E+14   7.1632E-06   7.2790E-06   0.98409
FLUX  889  2465.00        1.216197E+14   7.1058E-06   7.2253E-06   0.98346
FLUX  890  2475.00        1.211283E+14   7.0542E-06   7.1723E-06   0.98353
FLUX  891  2485.00        1.206408E+14   7.0078E-06   7.1198E-06   0.98427
FLUX  892  2495.00        1.201573E+14   6.9295E-06   7.0680E-06   0.98040
FLUX  893  2505.00        1.196776E+14   6.9109E-06   7.0166E-06   0.98494
FLUX  894  2515.00        1.192018E+14   6.8604E-06   6.9659E-06   0.98485
FLUX  895  2525.00        1.187297E+14   6.7548E-06   6.9157E-06   0.97673
FLUX  896  2535.00        1.182613E+14   6.7555E-06   6.8660E-06   0.98391
FLUX  897  2545.00        1.177967E+14   6.7311E-06   6.8168E-06   0.98743
FLUX  898  2555.00        1.173356E+14   6.6486E-06   6.7682E-06   0.98233
FLUX  899  2565.00        1.168782E+14   6.5101E-06   6.7201E-06   0.96875
FLUX  900  2575.00        1.164243E+14   6.5647E-06   6.6726E-06   0.98383
FLUX  901  2585.00        1.159739E+14   6.5484E-06   6.6255E-06   0.98836
FLUX  902  2595.00        1.155270E+14   6.4939E-06   6.5789E-06   0.98708
FLUX  903  2605.00        1.150835E+14   6.3534E-06   6.5328E-06   0.97254
FLUX  904  2615.00        1.146434E+14   6.1309E-06   6.4872E-06   0.94508
FLUX  905  2625.00        1.142067E+14   5.7420E-06   6.4421E-06   0.89132
FLUX  906  2635.00        1.137732E+14   6.1628E-06   6.3974E-06   0.96333
FLUX  907  2645.00        1.133431E+14   6.2675E-06   6.3532E-06   0.98651
FLUX  908  2655.00        1.129162E+14   6.2409E-06   6.3095E-06   0.98913
FLUX  909  2665.00        1.124925E+14   6.1292E-06   6.2662E-06   0.97814
FLUX  910  2675.00        1.120720E+14   5.8402E-06   6.2234E-06   0.93843
FLUX  911  2685.00        1.116546E+14   6.0459E-06   6.1810E-06   0.97814
FLUX  912  2695.00        1.112403E+14   6.0922E-06   6.1390E-06   0.99238
FLUX  913  2705.00        1.108290E+14   6.0699E-06   6.0975E-06   0.99547
FLUX  914  2715.00        1.104208E+14   6.0358E-06   6.0564E-06   0.99660
FLUX  915  2725.00        1.100156E+14   5.9943E-06   6.0157E-06   0.99644
FLUX  916  2735.00        1.096133E+14   5.9419E-06   5.9754E-06   0.99439
FLUX  917  2745.00        1.092140E+14   5.8420E-06   5.9355E-06   0.98425
FLUX  918  2755.00        1.088176E+14   5.4938E-06   5.8960E-06   0.93178
FLUX  919  2765.00        1.084241E+14   5.6085E-06   5.8569E-06   0.95759
FLUX  920  2775.00        1.080333E+14   5.7595E-06   5.8182E-06   0.98991
FLUX  921  2785.00        1.076454E+14   5.7587E-06   5.7799E-06   0.99633
FLUX  922  2795.00        1.072603E+14   5.7370E-06   5.7420E-06   0.99913
FLUX  923  2805.00        1.068779E+14   5.7043E-06   5.7044E-06   0.99998
FLUX  924  2815.00        1.064982E+14   5.6667E-06   5.6672E-06   0.99991
FLUX  925  2825.00        1.061212E+14   5.6298E-06   5.6304E-06   0.99989
FLUX  926  2835.00        1.057469E+14   5.5904E-06   5.5939E-06   0.99937
FLUX  927  2845.00        1.053752E+14   5.5377E-06   5.5578E-06   0.99638
FLUX  928  2855.00        1.050061E+14   5.4706E-06   5.5220E-06   0.99069
FLUX  929  2865.00        1.046396E+14   5.2833E-06   5.4866E-06   0.96295
FLUX  930  2875.00        1.042756E+14   5.0058E-06   5.4515E-06   0.91824
FLUX  931  2885.00        1.039142E+14   5.3076E-06   5.4168E-06   0.97984
FLUX  932  2895.00        1.035553E+14   5.3483E-06   5.3824E-06   0.99366
FLUX  933  2905.00        1.031988E+14   5.3375E-06   5.3483E-06   0.99798
FLUX  934  2915.00        1.028448E+14   5.3103E-06   5.3145E-06   0.99921
FLUX  935  2925.00        1.024932E+14   5.2804E-06   5.2811E-06   0.99987
FLUX  936  2935.00        1.021440E+14   5.2475E-06   5.2480E-06   0.99990
FLUX  937  2945.00        1.017971E+14   5.2148E-06   5.2151E-06   0.99994
FLUX  938  2955.00        1.014526E+14   5.1826E-06   5.1826E-06   1.00000
FLUX  939  2965.00        1.011105E+14   5.1503E-06   5.1504E-06   0.99998
FLUX  940  2975.00        1.007706E+14   5.1184E-06   5.1185E-06   0.99998
FLUX  941  2985.00        1.004330E+14   5.0868E-06   5.0869E-06   0.99998
FLUX  942  2995.00        1.000977E+14   5.0550E-06   5.0556E-06   0.99988
FLUX  943  3005.00        9.976456E+13   5.0156E-06   5.0245E-06   0.99823
FLUX  944  3015.00        9.943366E+13   4.9688E-06   4.9938E-06   0.99499
FLUX  945  3025.00        9.910496E+13   4.8866E-06   4.9633E-06   0.98455
FLUX  946  3035.00        9.877842E+13   4.5759E-06   4.9331E-06   0.92759
FLUX  947  3045.00        9.845402E+13   4.6366E-06   4.9032E-06   0.94563
FLUX  948  3055.00        9.813175E+13   4.8130E-06   4.8736E-06   0.98757
FLUX  949  3065.00        9.781158E+13   4.8243E-06   4.8442E-06   0.99589
FLUX  950  3075.00        9.749349E+13   4.8094E-06   4.8151E-06   0.99882
FLUX  951  3085.00        9.717747E+13   4.7822E-06   4.7863E-06   0.99914
FLUX  952  3095.00        9.686349E+13   4.7569E-06   4.7577E-06   0.99983
FLUX  953  3105.00        9.655153E+13   4.7284E-06   4.7294E-06   0.99979
FLUX  954  3115.00        9.624157E+13   4.6996E-06   4.7013E-06   0.99964
FLUX  955  3125.00        9.593360E+13   4.6720E-06   4.6735E-06   0.99968
FLUX  956  3135.00        9.562759E+13   4.6450E-06   4.6459E-06   0.99981
FLUX  957  3145.00        9.532353E+13   4.6168E-06   4.6185E-06   0.99963
FLUX  958  3155.00        9.502140E+13   4.5911E-06   4.5915E-06   0.99991
FLUX  959  3165.00        9.472117E+13   4.5645E-06   4.5646E-06   0.99998
FLUX  960  3175.00        9.442283E+13   4.5370E-06   4.5380E-06   0.99978
FLUX  961  3185.00        9.412637E+13   4.5115E-06   4.5116E-06   0.99998
FLUX  962  3195.00        9.383176E+13   4.4851E-06   4.4854E-06   0.99993
FLUX  963  3210.00        9.339330E+13   4.4463E-06   4.4466E-06   0.99993
FLUX  964  3230.00        9.281502E+13   4.3956E-06   4.3957E-06   0.99998
FLUX  965  3250.00        9.224384E+13   4.3452E-06   4.3456E-06   0.99991
FLUX  966  3270.00        9.167966E+13   4.2735E-06   4.2963E-06   0.99469
FLUX  967  3290.00        9.112234E+13   3.9926E-06   4.2827E-06   0.93226
FLUX  968  3310.00        9.057175E+13   4.0945E-06   4.2345E-06   0.96694
FLUX  969  3330.00        9.002777E+13   4.1336E-06   4.1871E-06   0.98722
FLUX  970  3350.00        8.949030E+13   4.0961E-06   4.1405E-06   0.98928
FLUX  971  3370.00        8.895920E+13   4.0509E-06   4.0947E-06   0.98930
FLUX  972  3390.00        8.843437E+13   4.0088E-06   4.0496E-06   0.98992
FLUX  973  3410.00        8.791569E+13   3.9661E-06   4.0053E-06   0.99021
FLUX  974  3430.00        8.740306E+13   3.9243E-06   3.9617E-06   0.99056
FLUX  975  3450.00        8.689637E+13   3.8831E-06   3.9189E-06   0.99086
FLUX  976  3470.00        8.639553E+13   3.8418E-06   3.8767E-06   0.99100
FLUX  977  3490.00        8.590043E+13   3.8013E-06   3.8352E-06   0.99116
FLUX  978  3510.00        8.541097E+13   3.7614E-06   3.7943E-06   0.99133
FLUX  979  3530.00        8.492706E+13   3.7220E-06   3.7542E-06   0.99142
FLUX  980  3550.00        8.444859E+13   3.6831E-06   3.7146E-06   0.99152
FLUX  981  3570.00        8.397549E+13   3.6446E-06   3.6757E-06   0.99154
FLUX  982  3590.00        8.350766E+13   3.6073E-06   3.6373E-06   0.99175
FLUX  983  3610.00        8.304501E+13   3.5692E-06   3.5996E-06   0.99155
FLUX  984  3630.00        8.258746E+13   3.5336E-06   3.5625E-06   0.99189
FLUX  985  3650.00        8.213493E+13   3.4955E-06   3.5259E-06   0.99138
FLUX  986  3670.00        8.168733E+13   3.4617E-06   3.4899E-06   0.99192
FLUX  987  3690.00        8.124458E+13   3.4194E-06   3.4544E-06   0.98987
FLUX  988  3710.00        8.080661E+13   3.3815E-06   3.4195E-06   0.98889
FLUX  989  3730.00        8.037333E+13   3.2464E-06   3.3851E-06   0.95903
FLUX  990  3750.00        7.994467E+13   3.1820E-06   3.3512E-06   0.94951
FLUX  991  3770.00        7.952056E+13   3.2822E-06   3.3178E-06   0.98927
FLUX  992  3790.00        7.910092E+13   3.2610E-06   3.2849E-06   0.99272
FLUX  993  3810.00        7.868570E+13   3.2170E-06   3.2526E-06   0.98905
FLUX  994  3830.00        7.827481E+13   3.1880E-06   3.2206E-06   0.98988
FLUX  995  3850.00        7.786818E+13   3.1712E-06   3.1892E-06   0.99436
FLUX  996  3870.00        7.746576E+13   3.1409E-06   3.1582E-06   0.99452
FLUX  997  3890.00        7.706748E+13   3.1007E-06   3.1277E-06   0.99137
FLUX  998  3910.00        7.667327E+13   3.0453E-06   3.0976E-06   0.98312
FLUX  999  3930.00        7.628308E+13   3.0482E-06   3.0679E-06   0.99358
FLUX 1000  3950.00        7.589684E+13   3.0257E-06   3.0387E-06   0.99572
FLUX 1001  3970.00        7.551448E+13   2.9984E-06   3.0099E-06   0.99618
FLUX 1002  3990.00        7.513596E+13   2.9650E-06   2.9815E-06   0.99447
FLUX 1003  4010.00        7.476122E+13   2.9035E-06   2.9535E-06   0.98307
FLUX 1004  4030.00        7.439020E+13   2.8600E-06   2.9258E-06   0.97751
FLUX 1005  4050.00        7.402284E+13   2.7349E-06   2.8986E-06   0.94352
FLUX 1006  4070.00        7.365909E+13   2.8392E-06   2.8718E-06   0.98865
FLUX 1007  4090.00        7.329890E+13   2.8345E-06   2.8453E-06   0.99620
FLUX 1008  4110.00        7.294221E+13   2.8117E-06   2.8192E-06   0.99734
FLUX 1009  4130.00        7.258898E+13   2.7846E-06   2.7934E-06   0.99685
FLUX 1010  4150.00        7.223915E+13   2.7436E-06   2.7680E-06   0.99118
FLUX 1011  4170.00        7.189269E+13   2.6446E-06   2.7429E-06   0.96416
FLUX 1012  4190.00        7.154952E+13   2.6908E-06   2.7182E-06   0.98992
FLUX 1013  4210.00        7.120962E+13   2.6866E-06   2.6938E-06   0.99733
FLUX 1014  4230.00        7.087293E+13   2.6695E-06   2.6697E-06   0.99993
FLUX 1015  4250.00        7.053941E+13   2.6459E-06   2.6460E-06   0.99996
FLUX 1016  4270.00        7.020902E+13   2.6225E-06   2.6225E-06   1.00000
FLUX 1017  4290.00        6.988170E+13   2.5994E-06   2.5994E-06   1.00000
FLUX 1018  4310.00        6.955742E+13   2.5765E-06   2.5766E-06   0.99996
FLUX 1019  4330.00        6.923614E+13   2.5517E-06   2.5541E-06   0.99906
FLUX 1020  4350.00        6.891782E+13   2.5156E-06   2.5319E-06   0.99356
FLUX 1021  4370.00        6.860240E+13   2.4098E-06   2.5099E-06   0.96012
FLUX 1022  4390.00        6.828986E+13   2.4366E-06   2.4883E-06   0.97922
FLUX 1023  4410.00        6.798016E+13   2.4575E-06   2.4669E-06   0.99619
FLUX 1024  4430.00        6.767325E+13   2.4456E-06   2.4458E-06   0.99992
FLUX 1025  4450.00        6.736910E+13   2.4248E-06   2.4250E-06   0.99992
FLUX 1026  4470.00        6.706767E+13   2.4074E-06   2.4139E-06   0.99731
FLUX 1027  4490.00        6.676893E+13   2.3831E-06   2.3935E-06   0.99565
FLUX 1028  4510.00        6.647284E+13   2.3633E-06   2.3734E-06   0.99574
FLUX 1029  4530.00        6.617936E+13   2.3433E-06   2.3534E-06   0.99571
FLUX 1030  4550.00        6.588846E+13   2.3237E-06   2.3338E-06   0.99567
FLUX 1031  4570.00        6.560011E+13   2.3038E-06   2.3144E-06   0.99542
FLUX 1032  4590.00        6.531427E+13   2.2834E-06   2.2952E-06   0.99486
FLUX 1033  4610.00        6.503091E+13   2.2613E-06   2.2763E-06   0.99341
FLUX 1034  4630.00        6.475000E+13   2.2274E-06   2.2576E-06   0.98662
FLUX 1035  4650.00        6.447151E+13   2.0958E-06   2.2391E-06   0.93600
FLUX 1036  4670.00        6.419540E+13   2.0914E-06   2.2208E-06   0.94173
FLUX 1037  4690.00        6.392164E+13   2.1587E-06   2.2028E-06   0.97998
FLUX 1038  4710.00        6.365021E+13   2.1686E-06   2.1850E-06   0.99249
FLUX 1039  4730.00        6.338108E+13   2.1566E-06   2.1674E-06   0.99502
FLUX 1040  4750.00        6.311421E+13   2.1408E-06   2.1500E-06   0.99572
FLUX 1041  4770.00        6.284958E+13   2.1246E-06   2.1329E-06   0.99611
FLUX 1042  4790.00        6.258716E+13   2.1083E-06   2.1159E-06   0.99641
FLUX 1043  4810.00        6.232692E+13   2.0919E-06   2.0991E-06   0.99657
FLUX 1044  4830.00        6.206884E+13   2.0755E-06   2.0826E-06   0.99659
FLUX 1045  4850.00        6.181288E+13   2.0594E-06   2.0662E-06   0.99671
FLUX 1046  4870.00        6.155903E+13   2.0434E-06   2.0500E-06   0.99678
FLUX 1047  4890.00        6.130726E+13   2.0275E-06   2.0340E-06   0.99680
FLUX 1048  4910.00        6.105754E+13   2.0117E-06   2.0182E-06   0.99678
FLUX 1049  4930.00        6.080984E+13   1.9963E-06   2.0026E-06   0.99685
FLUX 1050  4950.00        6.056414E+13   1.9810E-06   1.9872E-06   0.99688
FLUX 1051  4970.00        6.032042E+13   1.9656E-06   1.9719E-06   0.99681
FLUX 1052  4990.00        6.007866E+13   1.9506E-06   1.9568E-06   0.99683
FLUX 1053  5010.00        5.983882E+13   1.9356E-06   1.9419E-06   0.99676
FLUX 1054  5030.00        5.960089E+13   1.9205E-06   1.9271E-06   0.99658
FLUX 1055  5050.00        5.936485E+13   1.9059E-06   1.9126E-06   0.99650
FLUX 1056  5070.00        5.913067E+13   1.8903E-06   1.8981E-06   0.99589
FLUX 1057  5090.00        5.889833E+13   1.8717E-06   1.8839E-06   0.99352
FLUX 1058  5110.00        5.866781E+13   1.8371E-06   1.8698E-06   0.98251
FLUX 1059  5130.00        5.843908E+13   1.7483E-06   1.8559E-06   0.94202
FLUX 1060  5150.00        5.821214E+13   1.8158E-06   1.8421E-06   0.98572
FLUX 1061  5170.00        5.798694E+13   1.8171E-06   1.8284E-06   0.99382
FLUX 1062  5190.00        5.776348E+13   1.8079E-06   1.8150E-06   0.99609
FLUX 1063  5210.00        5.754174E+13   1.7961E-06   1.8016E-06   0.99695
FLUX 1064  5230.00        5.732170E+13   1.7832E-06   1.7885E-06   0.99704
FLUX 1065  5250.00        5.710333E+13   1.7689E-06   1.7754E-06   0.99634
FLUX 1066  5270.00        5.688662E+13   1.7553E-06   1.7625E-06   0.99591
FLUX 1067  5290.00        5.667155E+13   1.7448E-06   1.7498E-06   0.99714
FLUX 1068  5310.00        5.645810E+13   1.7330E-06   1.7371E-06   0.99764
FLUX 1069  5330.00        5.624625E+13   1.7207E-06   1.7247E-06   0.99768
FLUX 1070  5350.00        5.603598E+13   1.7075E-06   1.7123E-06   0.99720
FLUX 1071  5370.00        5.582728E+13   1.6921E-06   1.7001E-06   0.99529
FLUX 1072  5390.00        5.562013E+13   1.6801E-06   1.6880E-06   0.99532
FLUX 1073  5410.00        5.541451E+13   1.6715E-06   1.6760E-06   0.99731
FLUX 1074  5430.00        5.521040E+13   1.6614E-06   1.6642E-06   0.99832
FLUX 1075  5450.00        5.500780E+13   1.6523E-06   1.6525E-06   0.99988
FLUX 1076  5470.00        5.480667E+13   1.6392E-06   1.6409E-06   0.99896
FLUX 1077  5490.00        5.460701E+13   1.6252E-06   1.6295E-06   0.99736
FLUX 1078  5510.00        5.440880E+13   1.6100E-06   1.6181E-06   0.99499
FLUX 1079  5530.00        5.421203E+13   1.5948E-06   1.6069E-06   0.99247
FLUX 1080  5550.00        5.401667E+13   1.5902E-06   1.5958E-06   0.99649
FLUX 1081  5570.00        5.382271E+13   1.5823E-06   1.5848E-06   0.99842
FLUX 1082  5590.00        5.363014E+13   1.5735E-06   1.5739E-06   0.99975
FLUX 1083  5610.00        5.343895E+13   1.5629E-06   1.5631E-06   0.99987
FLUX 1084  5630.00        5.324911E+13   1.5524E-06   1.5525E-06   0.99994
FLUX 1085  5650.00        5.306062E+13   1.5418E-06   1.5419E-06   0.99994
FLUX 1086  5670.00        5.287345E+13   1.5281E-06   1.5314E-06   0.99785
FLUX 1087  5690.00        5.268761E+13   1.5135E-06   1.5211E-06   0.99500
FLUX 1088  5710.00        5.250306E+13   1.4923E-06   1.5109E-06   0.98769
FLUX 1089  5730.00        5.231981E+13   1.4918E-06   1.5007E-06   0.99407
FLUX 1090  5750.00        5.213782E+13   1.4869E-06   1.4907E-06   0.99745
FLUX 1091  5770.00        5.195710E+13   1.4807E-06   1.4808E-06   0.99993
FLUX 1092  5790.00        5.177763E+13   1.4708E-06   1.4709E-06   0.99993
FLUX 1093  5810.00        5.159940E+13   1.4611E-06   1.4612E-06   0.99993
FLUX 1094  5830.00        5.142239E+13   1.4499E-06   1.4515E-06   0.99890
FLUX 1095  5850.00        5.124658E+13   1.4385E-06   1.4451E-06   0.99543
FLUX 1096  5870.00        5.107198E+13   1.4257E-06   1.4356E-06   0.99310
FLUX 1097  5890.00        5.089855E+13   1.3986E-06   1.4262E-06   0.98065
FLUX 1098  5910.00        5.072631E+13   1.3305E-06   1.4169E-06   0.93902
FLUX 1099  5930.00        5.055523E+13   1.3833E-06   1.4077E-06   0.98267
FLUX 1100  5950.00        5.038529E+13   1.3683E-06   1.3986E-06   0.97834
FLUX 1101  5970.00        5.021650E+13   1.3690E-06   1.3895E-06   0.98525
FLUX 1102  5990.00        5.004883E+13   1.3721E-06   1.3806E-06   0.99384
FLUX 1103  6010.00        4.988228E+13   1.3663E-06   1.3717E-06   0.99606
FLUX 1104  6030.00        4.971683E+13   1.3586E-06   1.3630E-06   0.99677
FLUX 1105  6050.00        4.955248E+13   1.3504E-06   1.3543E-06   0.99712
FLUX 1106  6070.00        4.938921E+13   1.3421E-06   1.3457E-06   0.99732
FLUX 1107  6090.00        4.922701E+13   1.3337E-06   1.3371E-06   0.99746
FLUX 1108  6110.00        4.906587E+13   1.3253E-06   1.3287E-06   0.99744
FLUX 1109  6130.00        4.890579E+13   1.3171E-06   1.3203E-06   0.99758
FLUX 1110  6150.00        4.874675E+13   1.3089E-06   1.3120E-06   0.99764
FLUX 1111  6170.00        4.858873E+13   1.3007E-06   1.3038E-06   0.99762
FLUX 1112  6190.00        4.843175E+13   1.2925E-06   1.2957E-06   0.99753
FLUX 1113  6210.00        4.827576E+13   1.2843E-06   1.2876E-06   0.99744
FLUX 1114  6230.00        4.812078E+13   1.2756E-06   1.2797E-06   0.99680
FLUX 1115  6250.00        4.796680E+13   1.2657E-06   1.2718E-06   0.99520
FLUX 1116  6270.00        4.781379E+13   1.2497E-06   1.2639E-06   0.98876
FLUX 1117  6290.00        4.766176E+13   1.2150E-06   1.2562E-06   0.96720
FLUX 1118  6310.00        4.751070E+13   1.2309E-06   1.2485E-06   0.98590
FLUX 1119  6330.00        4.736058E+13   1.2342E-06   1.2408E-06   0.99468
FLUX 1120  6350.00        4.721142E+13   1.2293E-06   1.2333E-06   0.99676
FLUX 1121  6370.00        4.706319E+13   1.2228E-06   1.2258E-06   0.99755
FLUX 1122  6390.00        4.691588E+13   1.2158E-06   1.2184E-06   0.99787
FLUX 1123  6420.00        4.669665E+13   1.2067E-06   1.2074E-06   0.99942
FLUX 1124  6460.00        4.640751E+13   1.1928E-06   1.1930E-06   0.99983
FLUX 1125  6500.00        4.612192E+13   1.1787E-06   1.1788E-06   0.99992
FLUX 1126  6540.00        4.583983E+13   1.1648E-06   1.1649E-06   0.99991
FLUX 1127  6580.00        4.556117E+13   1.1511E-06   1.1512E-06   0.99991
FLUX 1128  6620.00        4.528588E+13   1.1375E-06   1.1377E-06   0.99982
FLUX 1129  6660.00        4.501389E+13   1.1238E-06   1.1245E-06   0.99938
FLUX 1130  6700.00        4.474515E+13   1.1086E-06   1.1116E-06   0.99730
FLUX 1131  6740.00        4.447960E+13   1.0885E-06   1.0988E-06   0.99063
FLUX 1132  6780.00        4.421718E+13   1.0543E-06   1.0863E-06   0.97054
FLUX 1133  6820.00        4.395785E+13   1.0689E-06   1.0739E-06   0.99534
FLUX 1134  6860.00        4.370153E+13   1.0601E-06   1.0618E-06   0.99840
FLUX 1135  6900.00        4.344819E+13   1.0497E-06   1.0499E-06   0.99981
FLUX 1136  6940.00        4.319777E+13   1.0375E-06   1.0382E-06   0.99933
FLUX 1137  6980.00        4.295021E+13   1.0264E-06   1.0267E-06   0.99971
FLUX 1138  7020.00        4.270548E+13   1.0152E-06   1.0153E-06   0.99990
FLUX 1139  7060.00        4.246353E+13   1.0039E-06   1.0042E-06   0.99970
FLUX 1140  7100.00        4.222429E+13   9.9216E-07   9.9321E-07   0.99894
FLUX 1141  7140.00        4.198774E+13   9.8229E-07   9.8242E-07   0.99987
FLUX 1142  7180.00        4.175383E+13   9.7171E-07   9.7181E-07   0.99990
FLUX 1143  7220.00        4.152251E+13   9.6111E-07   9.6137E-07   0.99973
FLUX 1144  7260.00        4.129373E+13   9.4885E-07   9.5110E-07   0.99763
FLUX 1145  7300.00        4.106747E+13   9.3969E-07   9.4099E-07   0.99862
FLUX 1146  7340.00        4.084366E+13   9.3094E-07   9.3104E-07   0.99989
FLUX 1147  7380.00        4.062229E+13   9.1887E-07   9.2125E-07   0.99742
FLUX 1148  7420.00        4.040330E+13   9.0487E-07   9.1164E-07   0.99257
FLUX 1149  7460.00        4.018666E+13   8.6366E-07   9.0217E-07   0.95731
FLUX 1150  7500.00        3.997233E+13   8.4580E-07   8.9286E-07   0.94729
FLUX 1151  7540.00        3.976028E+13   8.7164E-07   8.8368E-07   0.98638
FLUX 1152  7580.00        3.955046E+13   8.7092E-07   8.7465E-07   0.99574
FLUX 1153  7620.00        3.934285E+13   8.6341E-07   8.6575E-07   0.99730
FLUX 1154  7660.00        3.913740E+13   8.5505E-07   8.5699E-07   0.99774
FLUX 1155  7700.00        3.893409E+13   8.4648E-07   8.4836E-07   0.99778
FLUX 1156  7740.00        3.873288E+13   8.3727E-07   8.3986E-07   0.99692
FLUX 1157  7780.00        3.853374E+13   8.2636E-07   8.3148E-07   0.99384
FLUX 1158  7820.00        3.833663E+13   8.2075E-07   8.2323E-07   0.99699
FLUX 1159  7860.00        3.814154E+13   8.1443E-07   8.1510E-07   0.99918
FLUX 1160  7900.00        3.794842E+13   8.0707E-07   8.0709E-07   0.99998
FLUX 1161  7940.00        3.775724E+13   7.9917E-07   7.9920E-07   0.99996
FLUX 1162  7980.00        3.756798E+13   7.9139E-07   7.9142E-07   0.99996
FLUX 1163  8020.00        3.738061E+13   7.8373E-07   7.8375E-07   0.99997
FLUX 1164  8060.00        3.719510E+13   7.7612E-07   7.7619E-07   0.99991
FLUX 1165  8100.00        3.701142E+13   7.6697E-07   7.6875E-07   0.99768
FLUX 1166  8140.00        3.682955E+13   7.5535E-07   7.6141E-07   0.99204
FLUX 1167  8180.00        3.664945E+13   7.4995E-07   7.5417E-07   0.99440
FLUX 1168  8220.00        3.647110E+13   7.4600E-07   7.4703E-07   0.99862
FLUX 1169  8260.00        3.629449E+13   7.3998E-07   7.4000E-07   0.99997
FLUX 1170  8300.00        3.611958E+13   7.3305E-07   7.3306E-07   0.99999
FLUX 1171  8340.00        3.594634E+13   7.2615E-07   7.2623E-07   0.99989
FLUX 1172  8380.00        3.577476E+13   7.1939E-07   7.1948E-07   0.99987
FLUX 1173  8420.00        3.560481E+13   7.1276E-07   7.1283E-07   0.99990
FLUX 1174  8460.00        3.543647E+13   7.0625E-07   7.0627E-07   0.99997
FLUX 1175  8500.00        3.526971E+13   6.9978E-07   6.9980E-07   0.99997
FLUX 1176  8540.00        3.510451E+13   6.9340E-07   6.9342E-07   0.99997
FLUX 1177  8580.00        3.494085E+13   6.8653E-07   6.8712E-07   0.99914
FLUX 1178  8620.00        3.477871E+13   6.7813E-07   6.8091E-07   0.99592
FLUX 1179  8660.00        3.461807E+13   6.6441E-07   6.7479E-07   0.98462
FLUX 1180  8700.00        3.445891E+13   6.6387E-07   6.6874E-07   0.99272
FLUX 1181  8740.00        3.430120E+13   6.4615E-07   6.6278E-07   0.97491
FLUX 1182  8780.00        3.414493E+13   6.4053E-07   6.5689E-07   0.97509
FLUX 1183  8820.00        3.399008E+13   6.4884E-07   6.5108E-07   0.99656
FLUX 1184  8860.00        3.383662E+13   6.4496E-07   6.4535E-07   0.99940
FLUX 1185  8900.00        3.368455E+13   6.3968E-07   6.3969E-07   0.99998
FLUX 1186  8940.00        3.353384E+13   6.3410E-07   6.3411E-07   0.99998
FLUX 1187  8980.00        3.338446E+13   6.2859E-07   6.2860E-07   0.99998
FLUX 1188  9020.00        3.323642E+13   6.2315E-07   6.2316E-07   0.99998
FLUX 1189  9060.00        3.308968E+13   6.1778E-07   6.1779E-07   0.99998
FLUX 1190  9100.00        3.294423E+13   6.1247E-07   6.1249E-07   0.99997
FLUX 1191  9140.00        3.280005E+13   6.0724E-07   6.0726E-07   0.99997
FLUX 1192  9180.00        3.265713E+13   6.0207E-07   6.0209E-07   0.99997
FLUX 1193  9220.00        3.251545E+13   5.9697E-07   5.9699E-07   0.99997
FLUX 1194  9260.00        3.237500E+13   5.9068E-07   5.9195E-07   0.99785
FLUX 1195  9300.00        3.223575E+13   5.8557E-07   5.8698E-07   0.99760
FLUX 1196  9340.00        3.209770E+13   5.7942E-07   5.8207E-07   0.99545
FLUX 1197  9380.00        3.196082E+13   5.6454E-07   5.7722E-07   0.97803
FLUX 1198  9420.00        3.182511E+13   5.6615E-07   5.7242E-07   0.98905
FLUX 1199  9460.00        3.169054E+13   5.6588E-07   5.6769E-07   0.99681
FLUX 1200  9500.00        3.155710E+13   5.6168E-07   5.6302E-07   0.99762
FLUX 1201  9540.00        3.142479E+13   5.5752E-07   5.5840E-07   0.99842
FLUX 1202  9580.00        3.129358E+13   5.5383E-07   5.5384E-07   0.99998
FLUX 1203  9620.00        3.116346E+13   5.4933E-07   5.4934E-07   0.99998
FLUX 1204  9660.00        3.103442E+13   5.4488E-07   5.4489E-07   0.99998
FLUX 1205  9700.00        3.090644E+13   5.4048E-07   5.4049E-07   0.99998
FLUX 1206  9740.00        3.077952E+13   5.3614E-07   5.3615E-07   0.99998
FLUX 1207  9780.00        3.065363E+13   5.3184E-07   5.3186E-07   0.99996
FLUX 1208  9820.00        3.052877E+13   5.2704E-07   5.2762E-07   0.99890
FLUX 1209  9860.00        3.040492E+13   5.2242E-07   5.2343E-07   0.99807
FLUX 1210  9900.00        3.028207E+13   5.1927E-07   5.1929E-07   0.99996
FLUX 1211  9940.00        3.016021E+13   5.1518E-07   5.1519E-07   0.99998
FLUX 1212  9980.00        3.003933E+13   5.1114E-07   5.1115E-07   0.99998
FLUX 1213 10020.00        2.991941E+13   5.0714E-07   5.0715E-07   0.99998
FLUX 1214 20000.00        1.498962E+13   1.2886E-07   1.2886E-07   1.00000
FLUX 1215 40000.00        7.494812E+12   3.1952E-08   3.1952E-08   1.00000
FLUX 1216 60000.00        4.996542E+12   1.4057E-08   1.4057E-08   1.00000
FLUX 1217 80000.00        3.747406E+12   7.8376E-09   7.8376E-09   1.00000
