FLUX    1     9.09        3.298047E+16   1.0000E-50   0.0000E+00   1.00000
FLUX    2     9.35        3.206337E+16   1.0000E-50   0.0000E+00   1.00000
FLUX    3     9.61        3.119589E+16   1.0000E-50   0.0000E+00   1.00000
FLUX    4     9.77        3.068501E+16   1.0000E-50   0.0000E+00   1.00000
FLUX    5     9.96        3.009965E+16   1.0000E-50   0.0000E+00   1.00000
FLUX    6    10.20        2.939142E+16   1.0000E-50   0.0000E+00   1.00000
FLUX    7    10.38        2.888174E+16   1.0000E-50   0.0000E+00   1.00000
FLUX    8    10.56        2.838944E+16   1.0000E-50   0.0000E+00   1.00000
FLUX    9    10.77        2.783589E+16   1.0000E-50   0.0000E+00   1.00000
FLUX   10    11.04        2.715512E+16   1.0000E-50   0.0000E+00   1.00000
FLUX   11    11.40        2.629759E+16   1.0000E-50   0.0000E+00   1.00000
FLUX   12    11.78        2.544928E+16   1.0000E-50   0.0000E+00   1.00000
FLUX   13    12.13        2.471496E+16   1.0000E-50   0.0000E+00   1.00000
FLUX   14    12.48        2.402183E+16   1.0000E-50   0.0000E+00   1.00000
FLUX   15    12.71        2.358714E+16   1.0000E-50   0.0000E+00   1.00000
FLUX   16    12.84        2.334833E+16   1.0000E-50   0.0000E+00   1.00000
FLUX   17    13.05        2.297261E+16   1.0000E-50   0.0000E+00   1.00000
FLUX   18    13.24        2.264294E+16   1.0000E-50   0.0000E+00   1.00000
FLUX   19    13.39        2.238928E+16   1.0000E-50   0.0000E+00   1.00000
FLUX   20    13.66        2.194674E+16   1.0000E-50   0.0000E+00   1.00000
FLUX   21    13.98        2.144438E+16   1.0000E-50   0.0000E+00   1.00000
FLUX   22    14.33        2.092062E+16   1.0000E-50   0.0000E+00   1.00000
FLUX   23    14.72        2.036634E+16   1.0000E-50   0.0000E+00   1.00000
FLUX   24    15.10        1.985381E+16   1.0000E-50   0.0000E+00   1.00000
FLUX   25    15.52        1.931653E+16   2.7232E-38   2.7233E-38   0.99998
FLUX   26    15.88        1.887862E+16   3.1868E-37   3.1869E-37   0.99997
FLUX   27    16.20        1.850571E+16   1.5836E-36   1.5837E-36   0.99997
FLUX   28    16.60        1.805979E+16   1.0565E-35   1.0566E-35   0.99997
FLUX   29    17.03        1.760379E+16   7.3387E-35   7.3447E-35   0.99918
FLUX   30    17.34        1.728907E+16   2.8013E-34   2.8014E-34   0.99998
FLUX   31    17.68        1.695659E+16   1.1540E-33   1.1540E-33   0.99998
FLUX   32    18.02        1.663665E+16   4.5120E-33   4.5121E-33   0.99998
FLUX   33    18.17        1.649931E+16   8.1017E-33   8.1034E-33   0.99979
FLUX   34    18.61        1.610922E+16   4.2812E-32   4.2822E-32   0.99976
FLUX   35    19.10        1.569594E+16   2.4993E-31   2.4994E-31   0.99998
FLUX   36    19.39        1.546119E+16   6.7876E-31   6.7877E-31   0.99998
FLUX   37    19.84        1.511051E+16   3.0248E-30   3.0248E-30   0.99998
FLUX   38    20.18        1.485592E+16   8.9866E-30   8.9868E-30   0.99998
FLUX   39    20.50        1.462402E+16   2.4299E-29   2.4300E-29   0.99998
FLUX   40    21.05        1.424192E+16   1.2436E-28   1.2436E-28   0.99998
FLUX   41    21.62        1.386644E+16   6.1991E-28   6.1992E-28   0.99998
FLUX   42    21.98        1.363933E+16   1.6392E-27   1.6392E-27   0.99998
FLUX   43    22.30        1.344361E+16   3.7790E-27   3.7790E-27   0.99998
FLUX   44    22.68        1.321836E+16   9.9068E-27   9.9070E-27   0.99997
FLUX   45    23.00        1.303446E+16   2.2144E-26   2.3911E-26   0.92608
FLUX   46    23.40        1.281165E+16   6.1659E-26   6.2043E-26   0.99382
FLUX   47    24.00        1.249135E+16   2.4456E-25   2.4465E-25   0.99965
FLUX   48    24.65        1.216197E+16   1.0042E-24   1.0046E-24   0.99965
FLUX   49    25.24        1.187767E+16   3.4033E-24   3.4034E-24   0.99998
FLUX   50    25.68        1.167416E+16   8.1163E-24   8.1565E-24   0.99507
FLUX   51    26.00        1.153048E+16   1.5125E-23   1.5126E-23   0.99999
FLUX   52    26.40        1.135578E+16   3.2051E-23   3.2052E-23   0.99997
FLUX   53    26.85        1.116546E+16   7.2502E-23   7.2503E-23   0.99998
FLUX   54    27.35        1.096133E+16   1.7392E-22   1.7397E-22   0.99976
FLUX   55    27.85        1.076454E+16   4.0544E-22   4.0545E-22   0.99998
FLUX   56    28.40        1.055607E+16   9.9369E-22   9.9370E-22   0.99999
FLUX   57    29.00        1.033767E+16   2.5378E-21   2.5380E-21   0.99992
FLUX   58    29.60        1.012813E+16   6.2289E-21   6.2295E-21   0.99991
FLUX   59    30.10        9.959884E+15   1.2833E-20   1.2836E-20   0.99976
FLUX   60    30.80        9.733523E+15   3.3803E-20   3.3961E-20   0.99535
FLUX   61    31.80        9.427437E+15   1.2630E-19   1.2631E-19   0.99993
FLUX   62    32.80        9.140015E+15   4.3248E-19   4.3368E-19   0.99723
FLUX   63    33.80        8.869601E+15   1.3826E-18   1.3826E-18   0.99999
FLUX   64    34.80        8.614727E+15   4.1236E-18   4.1239E-18   0.99992
FLUX   65    35.70        8.397549E+15   1.0490E-17   1.0522E-17   0.99702
FLUX   66    36.60        8.191052E+15   2.5471E-17   2.5479E-17   0.99969
FLUX   67    37.50        7.994467E+15   5.8946E-17   5.9033E-17   0.99852
FLUX   68    38.50        7.786818E+15   1.4322E-16   1.4335E-16   0.99906
FLUX   69    39.50        7.589684E+15   3.3192E-16   3.3245E-16   0.99840
FLUX   70    40.50        7.402284E+15   7.3833E-16   7.3913E-16   0.99892
FLUX   71    41.40        7.241365E+15   1.4667E-15   1.4675E-15   0.99947
FLUX   72    42.20        7.104088E+15   2.6285E-15   2.6330E-15   0.99829
FLUX   73    43.00        6.971919E+15   4.5996E-15   4.6182E-15   0.99597
FLUX   74    44.10        6.798016E+15   9.6512E-15   9.6652E-15   0.99855
FLUX   75    45.10        6.647284E+15   1.8295E-14   1.8311E-14   0.99917
FLUX   76    46.00        6.517228E+15   3.1721E-14   3.1757E-14   0.99886
FLUX   77    47.00        6.378564E+15   5.7046E-14   5.7089E-14   0.99923
FLUX   78    48.00        6.245677E+15   9.9977E-14   1.0005E-13   0.99931
FLUX   79    49.00        6.118214E+15   1.7125E-13   1.7130E-13   0.99971
FLUX   80    50.00        5.995850E+15   2.8665E-13   2.8668E-13   0.99991
FLUX   81    50.60        5.924753E+15   2.9120E-12   5.9716E-12   0.48764
FLUX   82    51.20        5.855322E+15   9.7116E-12   1.1124E-11   0.87301
FLUX   83    52.00        5.765240E+15   1.3348E-11   1.5060E-11   0.88634
FLUX   84    53.00        5.656462E+15   2.0245E-11   2.1707E-11   0.93265
FLUX   85    54.00        5.551713E+15   2.6814E-11   3.0866E-11   0.86874
FLUX   86    55.00        5.450773E+15   4.2048E-11   4.3343E-11   0.97013
FLUX   87    56.00        5.353438E+15   5.8006E-11   6.0124E-11   0.96478
FLUX   88    57.00        5.259518E+15   8.1426E-11   8.2437E-11   0.98774
FLUX   89    58.00        5.168836E+15   1.0024E-10   1.1760E-10   0.85236
FLUX   90    59.00        5.081229E+15   1.4896E-10   1.5714E-10   0.94795
FLUX   91    60.00        4.996542E+15   2.0173E-10   2.0795E-10   0.97010
FLUX   92    61.00        4.914631E+15   2.7209E-10   2.7266E-10   0.99792
FLUX   93    62.00        4.835363E+15   3.4901E-10   3.5441E-10   0.98476
FLUX   94    63.00        4.758611E+15   4.5349E-10   4.5685E-10   0.99265
FLUX   95    64.00        4.684258E+15   5.6305E-10   5.8440E-10   0.96346
FLUX   96    65.00        4.612192E+15   7.1009E-10   7.4195E-10   0.95706
FLUX   97    65.80        4.556117E+15   8.8923E-10   8.9337E-10   0.99537
FLUX   98    66.50        4.508158E+15   1.0238E-09   1.0472E-09   0.97771
FLUX   99    67.50        4.441370E+15   1.2613E-09   1.3064E-09   0.96550
FLUX  100    68.50        4.376533E+15   1.5704E-09   1.6192E-09   0.96985
FLUX  101    69.50        4.313561E+15   1.9716E-09   1.9945E-09   0.98850
FLUX  102    70.50        4.252376E+15   2.3997E-09   2.4421E-09   0.98263
FLUX  103    71.60        4.187046E+15   2.9695E-09   3.0314E-09   0.97959
FLUX  104    72.60        4.129373E+15   3.5820E-09   3.6685E-09   0.97643
FLUX  105    73.50        4.078810E+15   4.2096E-09   4.3366E-09   0.97072
FLUX  106    74.50        4.024060E+15   5.1117E-09   5.1979E-09   0.98343
FLUX  107    75.50        3.970762E+15   6.1272E-09   6.1999E-09   0.98827
FLUX  108    76.50        3.918856E+15   7.2676E-09   7.3640E-09   0.98690
FLUX  109    77.50        3.868290E+15   8.6450E-09   8.7034E-09   0.99329
FLUX  110    78.50        3.819013E+15   1.0211E-08   1.0242E-08   0.99695
FLUX  111    79.50        3.770975E+15   1.1854E-08   1.2002E-08   0.98769
FLUX  112    80.50        3.724130E+15   1.3839E-08   1.4007E-08   0.98796
FLUX  113    81.50        3.678436E+15   1.5956E-08   1.6285E-08   0.97981
FLUX  114    82.50        3.633848E+15   1.8630E-08   1.8862E-08   0.98768
FLUX  115    83.50        3.590329E+15   2.1088E-08   2.1770E-08   0.96866
FLUX  116    84.50        3.547840E+15   2.4391E-08   2.5038E-08   0.97415
FLUX  117    85.50        3.506345E+15   2.7964E-08   2.8699E-08   0.97438
FLUX  118    86.50        3.465809E+15   3.2117E-08   3.2788E-08   0.97953
FLUX  119    87.50        3.426200E+15   3.6724E-08   3.7340E-08   0.98352
FLUX  120    88.50        3.387486E+15   4.2138E-08   4.2395E-08   0.99393
FLUX  121    89.50        3.349637E+15   4.7660E-08   4.7993E-08   0.99306
FLUX  122    90.50        3.312624E+15   5.2380E-08   5.4174E-08   0.96688
FLUX  123    91.50        3.276421E+15   1.1528E-07   1.9016E-04   0.00061
FLUX  124    92.50        3.241000E+15   4.6591E-07   1.9302E-04   0.00241
FLUX  125    93.50        3.206337E+15   9.5536E-07   1.9370E-04   0.00493
FLUX  126    94.50        3.172407E+15   3.9287E-06   1.9350E-04   0.02030
FLUX  127    95.50        3.139188E+15   1.5460E-05   1.9293E-04   0.08013
FLUX  128    96.50        3.106658E+15   2.3955E-05   1.9191E-04   0.12483
FLUX  129    97.50        3.074795E+15   5.1923E-06   1.9052E-04   0.02725
FLUX  130    98.50        3.043579E+15   5.0062E-05   1.8968E-04   0.26393
FLUX  131    99.50        3.012990E+15   5.5594E-05   1.8806E-04   0.29561
FLUX  132   100.50        2.983010E+15   6.7545E-05   1.8599E-04   0.36317
FLUX  133   101.50        2.953621E+15   4.7102E-05   1.8327E-04   0.25701
FLUX  134   102.50        2.924805E+15   4.1254E-06   1.8536E-04   0.02226
FLUX  135   103.50        2.896546E+15   2.7606E-05   1.8579E-04   0.14859
FLUX  136   104.50        2.868828E+15   8.9477E-05   1.8586E-04   0.48141
FLUX  137   105.50        2.841635E+15   1.0079E-04   1.8600E-04   0.54187
FLUX  138   106.50        2.814953E+15   8.3508E-05   1.8676E-04   0.44715
FLUX  139   107.50        2.788767E+15   1.0570E-04   1.8805E-04   0.56206
FLUX  140   108.50        2.763065E+15   9.6855E-05   1.8953E-04   0.51104
FLUX  141   109.50        2.737831E+15   1.1173E-04   1.9082E-04   0.58552
FLUX  142   110.50        2.713054E+15   1.0067E-04   2.2104E-04   0.45543
FLUX  143   111.50        2.688722E+15   1.0313E-04   2.2174E-04   0.46511
FLUX  144   112.50        2.664822E+15   1.0530E-04   2.2202E-04   0.47426
FLUX  145   113.50        2.641344E+15   1.2823E-04   2.2285E-04   0.57540
FLUX  146   114.50        2.618275E+15   1.1286E-04   2.2262E-04   0.50695
FLUX  147   115.50        2.595606E+15   1.2463E-04   2.2220E-04   0.56089
FLUX  148   116.50        2.573326E+15   1.3669E-04   2.2161E-04   0.61679
FLUX  149   117.50        2.551426E+15   1.1566E-04   2.2118E-04   0.52290
FLUX  150   118.50        2.529895E+15   1.3636E-04   2.2144E-04   0.61578
FLUX  151   119.50        2.508724E+15   6.8808E-05   2.2085E-04   0.31156
FLUX  152   120.50        2.487905E+15   4.2943E-05   2.2023E-04   0.19499
FLUX  153   121.50        2.467428E+15   7.2909E-06   2.1961E-04   0.03320
FLUX  154   122.50        2.447286E+15   3.9540E-05   2.1985E-04   0.17985
FLUX  155   123.50        2.427470E+15   1.2554E-04   2.1922E-04   0.57266
FLUX  156   124.50        2.407972E+15   1.5336E-04   2.2148E-04   0.69246
FLUX  157   125.50        2.388785E+15   1.5643E-04   2.2175E-04   0.70541
FLUX  158   126.50        2.369901E+15   1.3374E-04   2.2152E-04   0.60373
FLUX  159   127.50        2.351314E+15   1.5804E-04   2.2104E-04   0.71499
FLUX  160   128.50        2.333016E+15   1.7448E-04   2.2052E-04   0.79124
FLUX  161   129.50        2.315000E+15   1.2285E-04   2.1994E-04   0.55859
FLUX  162   130.50        2.297261E+15   9.9769E-05   2.1934E-04   0.45486
FLUX  163   131.50        2.279791E+15   1.6641E-04   2.1873E-04   0.76079
FLUX  164   132.50        2.262585E+15   1.6418E-04   2.1813E-04   0.75268
FLUX  165   133.50        2.245637E+15   1.4441E-04   2.1753E-04   0.66388
FLUX  166   134.50        2.228941E+15   1.7444E-04   2.1694E-04   0.80412
FLUX  167   135.50        2.212491E+15   1.6836E-04   2.1634E-04   0.77819
FLUX  168   136.50        2.196282E+15   1.5276E-04   2.1575E-04   0.70805
FLUX  169   137.50        2.180309E+15   1.6204E-04   2.1516E-04   0.75309
FLUX  170   138.50        2.164567E+15   1.6749E-04   2.1458E-04   0.78057
FLUX  171   139.50        2.149050E+15   1.5923E-04   2.1399E-04   0.74407
FLUX  172   140.50        2.133754E+15   1.6626E-04   2.1341E-04   0.77907
FLUX  173   141.50        2.118675E+15   1.5941E-04   2.1283E-04   0.74901
FLUX  174   142.50        2.103807E+15   1.6690E-04   2.1228E-04   0.78625
FLUX  175   143.50        2.089146E+15   1.6527E-04   2.1169E-04   0.78072
FLUX  176   144.20        2.079005E+15   1.7681E-04   2.1129E-04   0.83679
FLUX  177   144.70        2.071821E+15   1.7784E-04   2.1128E-04   0.84173
FLUX  178   145.50        2.060430E+15   1.7558E-04   2.1082E-04   0.83285
FLUX  179   146.50        2.046365E+15   1.6779E-04   2.1024E-04   0.79810
FLUX  180   147.50        2.032492E+15   1.6504E-04   2.0967E-04   0.78716
FLUX  181   148.50        2.018805E+15   1.6456E-04   2.0910E-04   0.78703
FLUX  182   149.50        2.005301E+15   1.7009E-04   2.0853E-04   0.81568
FLUX  183   150.50        1.991977E+15   1.6269E-04   2.0797E-04   0.78231
FLUX  184   151.20        1.982755E+15   1.5059E-04   2.0757E-04   0.72550
FLUX  185   151.70        1.976220E+15   1.6125E-04   2.0732E-04   0.77778
FLUX  186   152.50        1.965852E+15   1.6054E-04   2.0691E-04   0.77591
FLUX  187   153.50        1.953046E+15   1.4916E-04   2.0637E-04   0.72276
FLUX  188   154.50        1.940405E+15   1.5939E-04   2.0581E-04   0.77443
FLUX  189   155.50        1.927926E+15   1.5041E-04   2.0526E-04   0.73277
FLUX  190   156.50        1.915607E+15   1.5021E-04   2.0470E-04   0.73381
FLUX  191   157.50        1.903444E+15   1.5906E-04   2.0416E-04   0.77911
FLUX  192   158.50        1.891435E+15   1.6441E-04   2.0361E-04   0.80748
FLUX  193   159.50        1.879577E+15   1.6928E-04   2.0307E-04   0.83361
FLUX  194   160.50        1.867866E+15   1.6336E-04   2.0253E-04   0.80657
FLUX  195   161.50        1.856300E+15   1.6626E-04   2.0200E-04   0.82304
FLUX  196   162.50        1.844877E+15   1.5894E-04   2.0147E-04   0.78890
FLUX  197   163.50        1.833593E+15   1.6677E-04   2.0094E-04   0.82993
FLUX  198   164.50        1.822447E+15   1.6829E-04   2.0042E-04   0.83970
FLUX  199   165.50        1.811435E+15   1.5582E-04   1.9989E-04   0.77949
FLUX  200   166.50        1.800556E+15   1.7150E-04   1.9938E-04   0.86018
FLUX  201   167.20        1.793017E+15   1.6281E-04   1.9902E-04   0.81806
FLUX  202   167.70        1.787671E+15   1.6845E-04   1.9877E-04   0.84745
FLUX  203   168.50        1.779184E+15   1.7522E-04   1.9837E-04   0.88331
FLUX  204   169.50        1.768687E+15   1.6832E-04   1.9786E-04   0.85073
FLUX  205   170.50        1.758314E+15   1.6141E-04   1.9735E-04   0.81791
FLUX  206   171.50        1.748061E+15   1.5346E-04   1.9685E-04   0.77959
FLUX  207   172.50        1.737928E+15   1.5318E-04   1.9634E-04   0.78018
FLUX  208   173.50        1.727911E+15   1.6208E-04   1.9585E-04   0.82759
FLUX  209   174.50        1.718009E+15   1.5848E-04   1.9535E-04   0.81126
FLUX  210   175.50        1.708219E+15   1.6784E-04   1.9486E-04   0.86134
FLUX  211   176.50        1.698541E+15   1.5412E-04   1.9438E-04   0.79289
FLUX  212   177.50        1.688972E+15   1.6125E-04   1.9389E-04   0.83163
FLUX  213   178.50        1.679510E+15   1.6448E-04   1.9341E-04   0.85043
FLUX  214   179.50        1.670153E+15   1.7202E-04   1.9293E-04   0.89162
FLUX  215   180.50        1.660900E+15   1.7184E-04   1.9245E-04   0.89292
FLUX  216   181.50        1.651749E+15   1.6231E-04   1.9197E-04   0.84552
FLUX  217   182.50        1.642699E+15   1.6640E-04   1.9150E-04   0.86892
FLUX  218   183.50        1.633747E+15   1.6069E-04   1.9104E-04   0.84113
FLUX  219   184.50        1.624892E+15   1.5192E-04   1.9058E-04   0.79711
FLUX  220   185.50        1.616132E+15   1.4850E-04   1.9013E-04   0.78102
FLUX  221   186.50        1.607466E+15   1.5283E-04   1.8968E-04   0.80573
FLUX  222   187.50        1.598893E+15   1.6670E-04   1.8923E-04   0.88093
FLUX  223   188.50        1.590411E+15   1.5519E-04   1.8879E-04   0.82205
FLUX  224   189.50        1.582018E+15   1.4912E-04   1.8834E-04   0.79176
FLUX  225   190.50        1.573714E+15   1.5996E-04   1.8791E-04   0.85128
FLUX  226   191.50        1.565496E+15   1.5377E-04   1.8755E-04   0.81987
FLUX  227   192.50        1.557364E+15   1.5234E-04   1.8711E-04   0.81417
FLUX  228   193.50        1.549315E+15   1.5790E-04   1.8668E-04   0.84582
FLUX  229   194.50        1.541350E+15   1.6152E-04   1.8625E-04   0.86722
FLUX  230   195.50        1.533465E+15   1.5259E-04   1.8582E-04   0.82115
FLUX  231   196.70        1.524110E+15   1.6527E-04   1.8533E-04   0.89179
FLUX  232   197.60        1.517169E+15   1.7138E-04   1.8496E-04   0.92661
FLUX  233   198.40        1.511051E+15   1.6225E-04   1.8465E-04   0.87872
FLUX  234   199.50        1.502719E+15   1.5833E-04   1.8420E-04   0.85955
FLUX  235   200.50        1.495224E+15   1.6351E-04   1.8379E-04   0.88962
FLUX  236   201.50        1.487804E+15   1.5729E-04   1.8339E-04   0.85766
FLUX  237   202.50        1.480457E+15   1.6899E-04   1.8299E-04   0.92351
FLUX  238   203.50        1.473182E+15   1.6019E-04   1.8259E-04   0.87734
FLUX  239   204.50        1.465978E+15   1.6348E-04   1.8219E-04   0.89727
FLUX  240   205.50        1.458844E+15   1.5739E-04   1.8179E-04   0.86576
FLUX  241   206.50        1.451780E+15   1.6192E-04   1.8140E-04   0.89259
FLUX  242   207.40        1.445480E+15   1.6752E-04   1.8104E-04   0.92530
FLUX  243   207.80        1.442697E+15   1.6117E-04   1.8089E-04   0.89099
FLUX  244   208.50        1.437854E+15   1.6610E-04   1.8061E-04   0.91965
FLUX  245   209.50        1.430990E+15   1.5856E-04   1.8022E-04   0.87981
FLUX  246   210.50        1.424192E+15   1.6234E-04   1.7983E-04   0.90272
FLUX  247   211.50        1.417459E+15   1.6303E-04   1.7944E-04   0.90853
FLUX  248   212.50        1.410788E+15   1.6652E-04   1.7905E-04   0.93000
FLUX  249   213.50        1.404180E+15   1.5969E-04   1.7867E-04   0.89378
FLUX  250   214.50        1.397634E+15   1.6145E-04   1.7828E-04   0.90560
FLUX  251   215.50        1.391148E+15   1.6623E-04   1.7790E-04   0.93441
FLUX  252   216.50        1.384723E+15   1.6226E-04   1.7752E-04   0.91404
FLUX  253   217.50        1.378356E+15   1.6179E-04   1.7714E-04   0.91334
FLUX  254   218.50        1.372048E+15   1.5904E-04   1.7676E-04   0.89973
FLUX  255   219.50        1.365797E+15   1.6412E-04   1.7639E-04   0.93044
FLUX  256   220.50        1.359603E+15   1.6089E-04   1.7602E-04   0.91405
FLUX  257   221.50        1.353465E+15   1.5718E-04   1.7564E-04   0.89490
FLUX  258   222.50        1.347382E+15   1.5190E-04   1.7527E-04   0.86663
FLUX  259   223.50        1.341353E+15   1.6095E-04   1.7490E-04   0.92025
FLUX  260   224.50        1.335379E+15   1.5621E-04   1.7453E-04   0.89500
FLUX  261   225.50        1.329457E+15   1.5224E-04   1.7417E-04   0.87413
FLUX  262   226.50        1.323587E+15   1.5613E-04   1.7380E-04   0.89832
FLUX  263   227.50        1.317769E+15   1.5955E-04   1.7344E-04   0.91993
FLUX  264   228.50        1.312002E+15   1.6176E-04   1.7307E-04   0.93463
FLUX  265   229.50        1.306285E+15   1.5716E-04   1.7271E-04   0.90997
FLUX  266   230.50        1.300618E+15   1.5419E-04   1.7235E-04   0.89459
FLUX  267   231.50        1.295000E+15   1.5053E-04   1.7200E-04   0.87520
FLUX  268   232.50        1.289430E+15   1.5079E-04   1.7164E-04   0.87852
FLUX  269   233.50        1.283908E+15   1.4574E-04   1.7129E-04   0.85085
FLUX  270   234.50        1.278433E+15   1.4304E-04   1.7093E-04   0.83685
FLUX  271   235.50        1.273004E+15   1.4772E-04   1.7058E-04   0.86598
FLUX  272   236.50        1.267622E+15   1.4249E-04   1.7023E-04   0.83709
FLUX  273   237.50        1.262284E+15   1.4550E-04   1.6988E-04   0.85652
FLUX  274   238.50        1.256992E+15   1.3954E-04   1.6953E-04   0.82311
FLUX  275   239.50        1.251743E+15   1.4802E-04   1.6918E-04   0.87496
FLUX  276   240.50        1.246538E+15   1.4239E-04   1.6883E-04   0.84339
FLUX  277   241.50        1.241377E+15   1.4486E-04   1.6849E-04   0.85978
FLUX  278   242.50        1.236258E+15   1.4822E-04   1.6814E-04   0.88151
FLUX  279   243.50        1.231181E+15   1.4251E-04   1.6780E-04   0.84927
FLUX  280   244.50        1.226145E+15   1.4869E-04   1.6746E-04   0.88795
FLUX  281   245.50        1.221151E+15   1.4670E-04   1.6712E-04   0.87782
FLUX  282   246.50        1.216197E+15   1.4664E-04   1.6678E-04   0.87925
FLUX  283   247.50        1.211283E+15   1.4353E-04   1.6644E-04   0.86231
FLUX  284   248.50        1.206408E+15   1.5024E-04   1.6611E-04   0.90450
FLUX  285   249.50        1.201573E+15   1.4661E-04   1.6577E-04   0.88439
FLUX  286   250.50        1.196776E+15   1.5178E-04   1.6544E-04   0.91743
FLUX  287   251.30        1.192967E+15   1.4544E-04   1.6517E-04   0.88051
FLUX  288   251.80        1.190598E+15   1.4975E-04   1.6501E-04   0.90756
FLUX  289   252.50        1.187297E+15   1.4335E-04   1.6477E-04   0.86999
FLUX  290   253.50        1.182613E+15   1.4416E-04   1.6445E-04   0.87662
FLUX  291   254.50        1.177967E+15   1.4183E-04   1.6413E-04   0.86415
FLUX  292   255.50        1.173356E+15   1.4711E-04   1.6381E-04   0.89807
FLUX  293   256.50        1.168782E+15   1.4607E-04   1.6349E-04   0.89347
FLUX  294   257.50        1.164243E+15   1.5164E-04   1.6317E-04   0.92934
FLUX  295   258.50        1.159739E+15   1.5202E-04   1.6286E-04   0.93348
FLUX  296   259.50        1.155270E+15   1.5286E-04   1.6254E-04   0.94042
FLUX  297   260.50        1.150835E+15   1.4939E-04   1.6290E-04   0.91712
FLUX  298   261.50        1.146434E+15   1.4939E-04   1.6257E-04   0.91895
FLUX  299   262.50        1.142067E+15   1.5004E-04   1.6224E-04   0.92482
FLUX  300   263.50        1.137732E+15   1.5116E-04   1.6191E-04   0.93358
FLUX  301   264.50        1.133431E+15   1.5612E-04   1.6159E-04   0.96615
FLUX  302   265.50        1.129162E+15   1.5540E-04   1.6126E-04   0.96361
FLUX  303   266.50        1.124925E+15   1.5096E-04   1.6094E-04   0.93799
FLUX  304   267.50        1.120720E+15   1.5435E-04   1.6062E-04   0.96095
FLUX  305   268.50        1.116546E+15   1.5359E-04   1.6030E-04   0.95813
FLUX  306   269.50        1.112403E+15   1.5179E-04   1.5998E-04   0.94882
FLUX  307   270.50        1.108290E+15   1.5275E-04   1.5966E-04   0.95674
FLUX  308   271.50        1.104208E+15   1.5012E-04   1.5934E-04   0.94210
FLUX  309   272.50        1.100156E+15   1.4971E-04   1.5903E-04   0.94140
FLUX  310   273.50        1.096133E+15   1.5362E-04   1.5871E-04   0.96789
FLUX  311   274.50        1.092140E+15   1.4577E-04   1.5840E-04   0.92027
FLUX  312   275.50        1.088176E+15   1.4576E-04   1.5809E-04   0.92205
FLUX  313   276.50        1.084241E+15   1.4835E-04   1.5777E-04   0.94023
FLUX  314   277.50        1.080333E+15   1.5159E-04   1.5746E-04   0.96271
FLUX  315   278.50        1.076454E+15   1.5174E-04   1.5715E-04   0.96552
FLUX  316   279.50        1.072603E+15   1.4438E-04   1.5685E-04   0.92053
FLUX  317   280.50        1.068779E+15   1.4964E-04   1.5654E-04   0.95593
FLUX  318   281.50        1.064982E+15   1.5254E-04   1.5623E-04   0.97635
FLUX  319   282.50        1.061212E+15   1.5128E-04   1.5593E-04   0.97022
FLUX  320   283.50        1.057469E+15   1.4688E-04   1.5562E-04   0.94382
FLUX  321   284.50        1.053752E+15   1.4572E-04   1.5532E-04   0.93816
FLUX  322   285.50        1.050061E+15   1.4739E-04   1.5502E-04   0.95080
FLUX  323   286.50        1.046396E+15   1.5037E-04   1.5472E-04   0.97193
FLUX  324   287.50        1.042757E+15   1.4864E-04   1.5442E-04   0.96258
FLUX  325   288.50        1.039142E+15   1.4951E-04   1.5412E-04   0.97010
FLUX  326   289.50        1.035553E+15   1.4953E-04   1.5382E-04   0.97213
FLUX  327   291.00        1.030215E+15   1.5135E-04   1.5337E-04   0.98685
FLUX  328   293.00        1.023183E+15   1.4930E-04   1.5278E-04   0.97726
FLUX  329   295.00        1.016246E+15   1.4842E-04   1.5219E-04   0.97525
FLUX  330   297.00        1.009402E+15   1.4886E-04   1.5160E-04   0.98190
FLUX  331   299.00        1.002651E+15   1.4809E-04   1.5102E-04   0.98056
FLUX  332   301.00        9.959884E+14   1.4915E-04   1.5044E-04   0.99143
FLUX  333   303.00        9.894142E+14   1.4922E-04   1.4987E-04   0.99570
FLUX  334   305.00        9.829262E+14   1.4810E-04   1.4929E-04   0.99197
FLUX  335   307.00        9.765228E+14   1.4741E-04   1.4872E-04   0.99117
FLUX  336   309.00        9.702023E+14   1.4747E-04   1.4816E-04   0.99538
FLUX  337   311.00        9.639630E+14   1.4620E-04   1.4759E-04   0.99055
FLUX  338   313.00        9.578035E+14   1.4597E-04   1.4708E-04   0.99245
FLUX  339   315.00        9.517222E+14   1.4552E-04   1.4653E-04   0.99315
FLUX  340   317.00        9.457177E+14   1.4489E-04   1.4597E-04   0.99259
FLUX  341   319.00        9.397884E+14   1.4252E-04   1.4542E-04   0.98006
FLUX  342   321.00        9.339330E+14   1.4354E-04   1.4488E-04   0.99077
FLUX  343   323.00        9.281502E+14   1.4323E-04   1.4433E-04   0.99237
FLUX  344   325.00        9.224385E+14   1.4284E-04   1.4379E-04   0.99341
FLUX  345   327.00        9.167966E+14   1.4266E-04   1.4325E-04   0.99590
FLUX  346   329.00        9.112234E+14   1.4220E-04   1.4272E-04   0.99641
FLUX  347   331.00        9.057175E+14   1.4199E-04   1.4218E-04   0.99869
FLUX  348   333.00        9.002778E+14   1.4128E-04   1.4165E-04   0.99742
FLUX  349   335.00        8.949030E+14   1.4041E-04   1.4112E-04   0.99501
FLUX  350   337.00        8.895920E+14   1.4001E-04   1.4059E-04   0.99588
FLUX  351   339.00        8.843437E+14   1.3952E-04   1.4006E-04   0.99613
FLUX  352   341.00        8.791569E+14   1.3921E-04   1.3954E-04   0.99761
FLUX  353   343.00        8.740306E+14   1.3851E-04   1.3924E-04   0.99475
FLUX  354   345.00        8.689638E+14   1.3790E-04   1.3871E-04   0.99410
FLUX  355   347.00        8.639553E+14   1.3738E-04   1.3819E-04   0.99416
FLUX  356   349.00        8.590043E+14   1.3704E-04   1.3767E-04   0.99545
FLUX  357   351.00        8.541097E+14   1.3675E-04   1.3715E-04   0.99705
FLUX  358   353.00        8.492705E+14   1.3632E-04   1.3664E-04   0.99770
FLUX  359   355.00        8.444859E+14   1.3584E-04   1.3613E-04   0.99788
FLUX  360   357.00        8.397549E+14   1.3550E-04   1.3562E-04   0.99915
FLUX  361   359.00        8.350766E+14   1.3450E-04   1.3511E-04   0.99546
FLUX  362   361.00        8.304501E+14   1.3427E-04   1.3461E-04   0.99751
FLUX  363   363.00        8.258747E+14   1.3368E-04   1.3410E-04   0.99684
FLUX  364   364.00        8.236058E+14   1.3382E-04   1.3385E-04   0.99977
FLUX  365   365.00        8.213493E+14   1.3341E-04   2.2832E-04   0.58430
FLUX  366   367.00        8.168733E+14   1.3334E-04   2.2676E-04   0.58802
FLUX  367   369.00        8.124458E+14   1.3216E-04   2.2746E-04   0.58102
FLUX  368   371.00        8.080660E+14   1.2959E-04   2.2590E-04   0.57368
FLUX  369   373.00        8.037332E+14   1.2533E-04   2.2435E-04   0.55865
FLUX  370   375.00        7.994467E+14   1.3656E-04   2.2282E-04   0.61288
FLUX  371   377.00        7.952056E+14   1.4023E-04   2.2130E-04   0.63367
FLUX  372   379.00        7.910092E+14   1.5666E-04   2.1980E-04   0.71273
FLUX  373   381.00        7.868570E+14   1.7116E-04   2.1831E-04   0.78401
FLUX  374   383.00        7.827480E+14   1.4607E-04   2.1684E-04   0.67363
FLUX  375   385.00        7.786818E+14   1.8323E-04   2.1539E-04   0.85069
FLUX  376   387.00        7.746576E+14   1.9537E-04   2.1394E-04   0.91318
FLUX  377   389.00        7.706748E+14   1.3857E-04   2.1252E-04   0.65205
FLUX  378   391.00        7.667327E+14   1.9771E-04   2.1110E-04   0.93654
FLUX  379   393.00        7.628308E+14   2.0018E-04   2.0971E-04   0.95458
FLUX  380   395.00        7.589684E+14   1.9651E-04   2.0832E-04   0.94330
FLUX  381   397.00        7.551448E+14   1.3575E-04   2.0695E-04   0.65596
FLUX  382   399.00        7.513596E+14   1.9077E-04   2.0559E-04   0.92789
FLUX  383   401.00        7.476122E+14   1.9880E-04   2.0425E-04   0.97329
FLUX  384   403.00        7.439020E+14   1.8911E-04   2.0292E-04   0.93191
FLUX  385   405.00        7.402284E+14   1.9942E-04   2.0161E-04   0.98915
FLUX  386   407.00        7.365909E+14   1.9505E-04   2.0030E-04   0.97377
FLUX  387   409.00        7.329890E+14   1.6988E-04   1.9901E-04   0.85365
FLUX  388   411.00        7.294221E+14   1.4308E-04   1.9773E-04   0.72361
FLUX  389   413.00        7.258898E+14   1.8685E-04   1.9647E-04   0.95104
FLUX  390   415.00        7.223916E+14   1.9083E-04   1.9522E-04   0.97754
FLUX  391   417.00        7.189269E+14   1.9166E-04   1.9398E-04   0.98805
FLUX  392   419.00        7.154952E+14   1.9167E-04   1.9275E-04   0.99437
FLUX  393   421.00        7.120962E+14   1.9098E-04   1.9154E-04   0.99707
FLUX  394   423.00        7.087293E+14   1.8955E-04   1.9033E-04   0.99587
FLUX  395   425.00        7.053941E+14   1.8809E-04   1.8914E-04   0.99443
FLUX  396   427.00        7.020902E+14   1.8479E-04   1.8797E-04   0.98310
FLUX  397   429.00        6.988170E+14   1.8505E-04   1.8680E-04   0.99062
FLUX  398   431.00        6.955742E+14   1.8120E-04   1.8564E-04   0.97610
FLUX  399   433.00        6.923614E+14   1.5356E-04   1.8450E-04   0.83233
FLUX  400   435.00        6.891782E+14   1.3820E-04   1.8336E-04   0.75371
FLUX  401   437.00        6.860240E+14   1.7651E-04   1.8224E-04   0.96858
FLUX  402   439.00        6.828986E+14   1.7421E-04   1.8112E-04   0.96185
FLUX  403   441.00        6.798016E+14   1.7874E-04   1.8002E-04   0.99290
FLUX  404   443.00        6.767325E+14   1.7700E-04   1.7893E-04   0.98924
FLUX  405   445.00        6.736910E+14   1.7730E-04   1.7784E-04   0.99693
FLUX  406   447.00        6.706767E+14   1.6829E-04   1.7677E-04   0.95205
FLUX  407   449.00        6.676893E+14   1.7315E-04   1.7571E-04   0.98544
FLUX  408   451.00        6.647284E+14   1.7430E-04   1.7465E-04   0.99797
FLUX  409   453.00        6.617936E+14   1.7275E-04   1.7361E-04   0.99509
FLUX  410   455.00        6.588846E+14   1.7171E-04   1.7257E-04   0.99500
FLUX  411   457.00        6.560011E+14   1.7124E-04   1.7155E-04   0.99819
FLUX  412   459.00        6.531427E+14   1.7004E-04   1.7053E-04   0.99712
FLUX  413   461.00        6.503091E+14   1.6916E-04   1.6952E-04   0.99784
FLUX  414   463.00        6.475000E+14   1.6756E-04   1.6852E-04   0.99426
FLUX  415   465.00        6.447151E+14   1.6692E-04   1.6754E-04   0.99632
FLUX  416   467.00        6.419540E+14   1.6606E-04   1.6656E-04   0.99701
FLUX  417   469.00        6.392164E+14   1.6526E-04   1.6558E-04   0.99805
FLUX  418   471.00        6.365021E+14   1.6146E-04   1.6462E-04   0.98083
FLUX  419   473.00        6.338108E+14   1.6255E-04   1.6367E-04   0.99321
FLUX  420   475.00        6.311421E+14   1.6139E-04   1.6272E-04   0.99184
FLUX  421   477.00        6.284958E+14   1.6161E-04   1.6178E-04   0.99897
FLUX  422   479.00        6.258716E+14   1.6015E-04   1.6085E-04   0.99561
FLUX  423   481.00        6.232692E+14   1.5814E-04   1.5993E-04   0.98881
FLUX  424   483.00        6.206884E+14   1.5508E-04   1.5902E-04   0.97525
FLUX  425   485.00        6.181289E+14   1.3555E-04   1.5811E-04   0.85731
FLUX  426   487.00        6.155903E+14   1.1859E-04   1.5722E-04   0.75432
FLUX  427   489.00        6.130726E+14   1.5119E-04   1.5633E-04   0.96717
FLUX  428   491.00        6.105754E+14   1.5352E-04   1.5544E-04   0.98764
FLUX  429   493.00        6.080984E+14   1.4996E-04   1.5457E-04   0.97016
FLUX  430   495.00        6.056414E+14   1.5315E-04   1.5370E-04   0.99640
FLUX  431   497.00        6.032042E+14   1.5266E-04   1.5285E-04   0.99880
FLUX  432   499.00        6.007866E+14   1.5160E-04   1.5199E-04   0.99741
FLUX  433   501.00        5.983882E+14   1.4790E-04   1.5115E-04   0.97851
FLUX  434   503.00        5.960089E+14   1.4932E-04   1.5031E-04   0.99336
FLUX  435   505.00        5.936485E+14   1.4650E-04   1.4949E-04   0.98003
FLUX  436   507.00        5.913067E+14   1.4815E-04   1.4866E-04   0.99657
FLUX  437   509.00        5.889833E+14   1.4726E-04   1.4785E-04   0.99600
FLUX  438   511.00        5.866781E+14   1.4611E-04   1.4704E-04   0.99368
FLUX  439   513.00        5.843908E+14   1.4548E-04   1.4624E-04   0.99486
FLUX  440   515.00        5.821214E+14   1.4429E-04   1.4544E-04   0.99210
FLUX  441   517.00        5.798694E+14   1.4391E-04   1.4465E-04   0.99488
FLUX  442   519.00        5.776349E+14   1.4322E-04   1.4387E-04   0.99552
FLUX  443   521.00        5.754175E+14   1.4132E-04   1.4309E-04   0.98763
FLUX  444   523.00        5.732170E+14   1.4157E-04   1.4232E-04   0.99476
FLUX  445   525.00        5.710333E+14   1.4101E-04   1.4155E-04   0.99614
FLUX  446   527.00        5.688662E+14   1.3993E-04   1.4080E-04   0.99382
FLUX  447   529.00        5.667155E+14   1.3978E-04   1.4005E-04   0.99811
FLUX  448   531.00        5.645810E+14   1.3878E-04   1.3930E-04   0.99623
FLUX  449   533.00        5.624625E+14   1.3808E-04   1.3856E-04   0.99649
FLUX  450   535.00        5.603598E+14   1.3711E-04   1.3783E-04   0.99479
FLUX  451   537.00        5.582728E+14   1.3683E-04   1.3710E-04   0.99802
FLUX  452   539.00        5.562013E+14   1.3608E-04   1.3638E-04   0.99780
FLUX  453   541.00        5.541451E+14   1.3519E-04   1.3567E-04   0.99650
FLUX  454   543.00        5.521041E+14   1.3424E-04   1.3496E-04   0.99470
FLUX  455   545.00        5.500780E+14   1.3375E-04   1.3425E-04   0.99623
FLUX  456   547.00        5.480667E+14   1.3288E-04   1.3355E-04   0.99497
FLUX  457   549.00        5.460701E+14   1.3256E-04   1.3286E-04   0.99770
FLUX  458   551.00        5.440880E+14   1.3173E-04   1.3217E-04   0.99665
FLUX  459   553.00        5.421203E+14   1.3120E-04   1.3149E-04   0.99781
FLUX  460   555.00        5.401667E+14   1.3057E-04   1.3081E-04   0.99810
FLUX  461   557.00        5.382271E+14   1.2984E-04   1.3014E-04   0.99770
FLUX  462   559.00        5.363014E+14   1.2923E-04   1.2948E-04   0.99806
FLUX  463   561.00        5.343895E+14   1.2852E-04   1.2882E-04   0.99773
FLUX  464   563.00        5.324911E+14   1.2811E-04   1.2816E-04   0.99958
FLUX  465   565.00        5.306062E+14   1.2659E-04   1.2751E-04   0.99281
FLUX  466   567.00        5.287346E+14   1.2615E-04   1.2687E-04   0.99434
FLUX  467   569.00        5.268761E+14   1.2592E-04   1.2623E-04   0.99755
FLUX  468   571.00        5.250306E+14   1.2546E-04   1.2559E-04   0.99899
FLUX  469   573.00        5.231981E+14   1.2486E-04   1.2496E-04   0.99920
FLUX  470   575.00        5.213783E+14   1.2423E-04   1.2433E-04   0.99918
FLUX  471   577.00        5.195711E+14   1.2364E-04   1.2371E-04   0.99937
FLUX  472   579.00        5.177763E+14   1.2296E-04   1.2310E-04   0.99886
FLUX  473   581.00        5.159940E+14   1.2233E-04   1.2249E-04   0.99871
FLUX  474   583.00        5.142238E+14   1.2176E-04   1.2188E-04   0.99901
FLUX  475   585.00        5.124658E+14   1.2115E-04   1.2128E-04   0.99899
FLUX  476   587.00        5.107198E+14   1.1758E-04   1.2068E-04   0.97433
FLUX  477   589.00        5.089856E+14   1.1951E-04   1.2009E-04   0.99520
FLUX  478   591.00        5.072631E+14   1.1935E-04   1.1950E-04   0.99873
FLUX  479   593.00        5.055523E+14   1.1886E-04   1.1891E-04   0.99954
FLUX  480   595.00        5.038529E+14   1.1780E-04   1.1833E-04   0.99549
FLUX  481   597.00        5.021650E+14   1.1761E-04   1.1776E-04   0.99871
FLUX  482   599.00        5.004883E+14   1.1682E-04   1.1719E-04   0.99689
FLUX  483   601.00        4.988228E+14   1.1658E-04   1.1662E-04   0.99970
FLUX  484   603.00        4.971683E+14   1.1599E-04   1.1606E-04   0.99940
FLUX  485   605.00        4.955248E+14   1.1544E-04   1.1550E-04   0.99953
FLUX  486   607.00        4.938921E+14   1.1486E-04   1.1494E-04   0.99928
FLUX  487   609.00        4.922701E+14   1.1426E-04   1.1439E-04   0.99889
FLUX  488   611.00        4.906588E+14   1.1382E-04   1.1385E-04   0.99977
FLUX  489   613.00        4.890579E+14   1.1327E-04   1.1330E-04   0.99970
FLUX  490   615.00        4.874675E+14   1.1230E-04   1.1276E-04   0.99589
FLUX  491   617.00        4.858874E+14   1.1214E-04   1.1223E-04   0.99916
FLUX  492   619.00        4.843174E+14   1.1167E-04   1.1170E-04   0.99969
FLUX  493   621.00        4.827576E+14   1.1113E-04   1.1117E-04   0.99960
FLUX  494   623.00        4.812079E+14   1.1052E-04   1.1065E-04   0.99880
FLUX  495   625.00        4.796680E+14   1.0972E-04   1.1013E-04   0.99627
FLUX  496   627.00        4.781380E+14   1.0954E-04   1.0962E-04   0.99932
FLUX  497   629.00        4.766176E+14   1.0900E-04   1.0910E-04   0.99907
FLUX  498   631.00        4.751070E+14   1.0839E-04   1.0860E-04   0.99811
FLUX  499   633.00        4.736058E+14   1.0799E-04   1.0809E-04   0.99907
FLUX  500   635.00        4.721142E+14   1.0670E-04   1.0759E-04   0.99170
FLUX  501   637.00        4.706319E+14   1.0647E-04   1.0709E-04   0.99421
FLUX  502   639.00        4.691588E+14   1.0645E-04   1.0660E-04   0.99860
FLUX  503   641.00        4.676950E+14   1.0587E-04   1.0611E-04   0.99779
FLUX  504   643.00        4.662403E+14   1.0557E-04   1.0562E-04   0.99952
FLUX  505   645.00        4.647946E+14   1.0496E-04   1.0514E-04   0.99829
FLUX  506   647.00        4.633578E+14   1.0451E-04   1.0466E-04   0.99864
FLUX  507   649.00        4.619299E+14   1.0381E-04   1.0418E-04   0.99649
FLUX  508   651.00        4.605108E+14   1.0298E-04   1.0371E-04   0.99300
FLUX  509   653.00        4.591003E+14   1.0159E-04   1.0324E-04   0.98408
FLUX  510   655.00        4.576985E+14   9.4192E-05   1.0277E-04   0.91653
FLUX  511   657.00        4.563052E+14   8.1898E-05   1.0231E-04   0.80052
FLUX  512   659.00        4.549203E+14   9.8591E-05   1.0185E-04   0.96805
FLUX  513   661.00        4.535439E+14   1.0055E-04   1.0139E-04   0.99175
FLUX  514   663.00        4.521757E+14   1.0056E-04   1.0093E-04   0.99630
FLUX  515   665.00        4.508158E+14   1.0036E-04   1.0050E-04   0.99858
FLUX  516   667.00        4.494640E+14   9.9205E-05   1.0006E-04   0.99150
FLUX  517   669.00        4.481203E+14   9.8825E-05   9.9610E-05   0.99212
FLUX  518   671.00        4.467846E+14   9.9071E-05   9.9168E-05   0.99902
FLUX  519   673.00        4.454569E+14   9.8658E-05   9.8728E-05   0.99928
FLUX  520   675.00        4.441370E+14   9.8235E-05   9.8292E-05   0.99942
FLUX  521   677.00        4.428250E+14   9.7828E-05   9.7858E-05   0.99969
FLUX  522   679.00        4.415206E+14   9.7266E-05   9.7428E-05   0.99834
FLUX  523   681.00        4.402239E+14   9.6919E-05   9.7000E-05   0.99916
FLUX  524   683.00        4.389348E+14   9.6426E-05   9.6575E-05   0.99846
FLUX  525   685.00        4.376533E+14   9.6084E-05   9.6153E-05   0.99929
FLUX  526   687.00        4.363792E+14   9.5681E-05   9.5734E-05   0.99945
FLUX  527   689.00        4.351125E+14   9.5267E-05   9.5317E-05   0.99948
FLUX  528   691.00        4.338531E+14   9.4844E-05   9.4903E-05   0.99938
FLUX  529   693.00        4.326010E+14   9.4295E-05   9.4492E-05   0.99791
FLUX  530   695.00        4.313561E+14   9.4035E-05   9.4083E-05   0.99948
FLUX  531   697.00        4.301184E+14   9.3650E-05   9.3678E-05   0.99970
FLUX  532   699.00        4.288877E+14   9.3236E-05   9.3275E-05   0.99958
FLUX  533   701.00        4.276641E+14   9.2802E-05   9.2874E-05   0.99922
FLUX  534   703.00        4.264474E+14   9.2416E-05   9.2477E-05   0.99935
FLUX  535   705.00        4.252376E+14   9.1859E-05   9.2081E-05   0.99758
FLUX  536   707.00        4.240347E+14   9.0698E-05   9.1689E-05   0.98919
FLUX  537   709.00        4.228385E+14   9.1282E-05   9.1299E-05   0.99982
FLUX  538   711.00        4.216491E+14   9.0819E-05   9.0911E-05   0.99898
FLUX  539   713.00        4.204663E+14   9.0458E-05   9.0526E-05   0.99924
FLUX  540   715.00        4.192902E+14   9.0078E-05   9.0144E-05   0.99926
FLUX  541   717.00        4.181206E+14   8.9720E-05   8.9764E-05   0.99951
FLUX  542   719.00        4.169576E+14   8.9367E-05   8.9386E-05   0.99978
FLUX  543   721.00        4.158010E+14   8.8992E-05   8.9011E-05   0.99978
FLUX  544   723.00        4.146508E+14   8.8164E-05   8.8639E-05   0.99465
FLUX  545   725.00        4.135069E+14   8.8191E-05   8.8268E-05   0.99912
FLUX  546   727.00        4.123693E+14   8.7888E-05   8.7900E-05   0.99986
FLUX  547   729.00        4.112380E+14   8.7170E-05   8.7534E-05   0.99584
FLUX  548   731.00        4.101129E+14   8.7152E-05   8.7171E-05   0.99978
FLUX  549   733.00        4.089939E+14   8.6791E-05   8.6810E-05   0.99978
FLUX  550   735.00        4.078810E+14   8.6449E-05   8.6451E-05   0.99998
FLUX  551   737.00        4.067741E+14   8.6088E-05   8.6095E-05   0.99993
FLUX  552   739.00        4.056732E+14   8.5734E-05   8.5740E-05   0.99993
FLUX  553   741.00        4.045783E+14   8.5381E-05   8.5388E-05   0.99992
FLUX  554   743.00        4.034892E+14   8.4931E-05   8.5038E-05   0.99874
FLUX  555   745.00        4.024060E+14   8.4644E-05   8.4693E-05   0.99942
FLUX  556   747.00        4.013286E+14   8.4216E-05   8.4347E-05   0.99844
FLUX  557   749.00        4.002570E+14   8.3921E-05   8.4004E-05   0.99901
FLUX  558   751.00        3.991911E+14   8.3600E-05   8.3663E-05   0.99925
FLUX  559   753.00        3.981308E+14   8.3292E-05   8.3323E-05   0.99963
FLUX  560   755.00        3.970762E+14   8.2959E-05   8.2986E-05   0.99967
FLUX  561   757.00        3.960271E+14   8.2634E-05   8.2651E-05   0.99979
FLUX  562   759.00        3.949835E+14   8.2285E-05   8.2318E-05   0.99960
FLUX  563   761.00        3.939455E+14   8.1985E-05   8.1987E-05   0.99997
FLUX  564   763.00        3.929128E+14   8.1647E-05   8.1658E-05   0.99987
FLUX  565   765.00        3.918856E+14   8.1311E-05   8.1331E-05   0.99974
FLUX  566   767.00        3.908638E+14   8.0992E-05   8.1007E-05   0.99982
FLUX  567   769.00        3.898472E+14   8.0661E-05   8.0684E-05   0.99972
FLUX  568   771.00        3.888359E+14   8.0347E-05   8.0363E-05   0.99981
FLUX  569   773.00        3.878299E+14   8.0018E-05   8.0044E-05   0.99968
FLUX  570   775.00        3.868290E+14   7.9704E-05   7.9726E-05   0.99972
FLUX  571   777.00        3.858333E+14   7.8688E-05   7.9411E-05   0.99089
FLUX  572   779.00        3.848427E+14   7.9077E-05   7.9098E-05   0.99973
FLUX  573   781.00        3.838572E+14   7.8771E-05   7.8786E-05   0.99981
FLUX  574   783.00        3.828768E+14   7.8470E-05   7.8477E-05   0.99991
FLUX  575   785.00        3.819013E+14   7.7943E-05   7.8187E-05   0.99687
FLUX  576   787.00        3.809307E+14   7.7654E-05   7.7881E-05   0.99708
FLUX  577   789.00        3.799651E+14   7.7224E-05   7.7577E-05   0.99545
FLUX  578   791.00        3.790044E+14   7.7230E-05   7.7274E-05   0.99943
FLUX  579   793.00        3.780485E+14   7.6965E-05   7.6974E-05   0.99988
FLUX  580   795.00        3.770975E+14   7.6460E-05   7.6675E-05   0.99721
FLUX  581   797.00        3.761512E+14   7.6353E-05   7.6377E-05   0.99968
FLUX  582   799.00        3.752096E+14   7.5739E-05   7.6082E-05   0.99550
FLUX  583   801.00        3.742728E+14   7.5773E-05   7.5788E-05   0.99980
FLUX  584   803.00        3.733406E+14   7.5466E-05   7.5496E-05   0.99961
FLUX  585   805.00        3.724130E+14   7.5167E-05   7.5205E-05   0.99948
FLUX  586   807.00        3.714901E+14   7.4899E-05   7.4917E-05   0.99977
FLUX  587   809.00        3.705717E+14   7.4584E-05   7.4629E-05   0.99940
FLUX  588   811.00        3.696578E+14   7.4298E-05   7.4344E-05   0.99938
FLUX  589   813.00        3.687485E+14   7.4012E-05   7.4060E-05   0.99935
FLUX  590   815.00        3.678436E+14   7.3740E-05   7.3778E-05   0.99948
FLUX  591   817.00        3.669431E+14   7.3483E-05   7.3498E-05   0.99980
FLUX  592   819.00        3.660470E+14   7.3150E-05   7.3219E-05   0.99905
FLUX  593   821.00        3.651553E+14   7.2696E-05   7.9827E-05   0.91067
FLUX  594   823.00        3.642679E+14   7.2351E-05   7.9508E-05   0.90999
FLUX  595   825.00        3.633848E+14   7.2360E-05   7.9191E-05   0.91373
FLUX  596   827.00        3.625060E+14   7.2050E-05   7.8891E-05   0.91329
FLUX  597   829.00        3.616315E+14   7.1799E-05   7.8578E-05   0.91373
FLUX  598   831.00        3.607611E+14   7.1602E-05   7.8267E-05   0.91485
FLUX  599   833.00        3.598950E+14   7.1346E-05   7.7957E-05   0.91520
FLUX  600   835.00        3.590329E+14   7.1011E-05   7.7649E-05   0.91452
FLUX  601   837.00        3.581750E+14   7.0795E-05   7.7343E-05   0.91533
FLUX  602   839.00        3.573212E+14   7.0623E-05   7.7039E-05   0.91672
FLUX  603   841.00        3.564715E+14   7.0316E-05   7.6737E-05   0.91633
FLUX  604   843.00        3.556257E+14   6.9985E-05   7.6436E-05   0.91560
FLUX  605   845.00        3.547840E+14   6.9260E-05   7.6137E-05   0.90967
FLUX  606   847.00        3.539463E+14   6.9260E-05   7.5840E-05   0.91323
FLUX  607   849.00        3.531125E+14   6.9067E-05   7.5545E-05   0.91425
FLUX  608   851.00        3.522826E+14   6.8342E-05   7.5251E-05   0.90819
FLUX  609   853.00        3.514566E+14   6.8721E-05   7.4960E-05   0.91677
FLUX  610   855.00        3.506345E+14   6.6821E-05   7.4670E-05   0.89489
FLUX  611   857.00        3.498162E+14   6.8813E-05   7.4381E-05   0.92515
FLUX  612   859.00        3.490017E+14   6.6407E-05   7.4095E-05   0.89624
FLUX  613   861.00        3.481911E+14   6.5967E-05   7.3810E-05   0.89375
FLUX  614   863.00        3.473841E+14   6.8856E-05   7.3526E-05   0.93648
FLUX  615   865.00        3.465809E+14   6.6914E-05   7.3245E-05   0.91357
FLUX  616   867.00        3.457814E+14   6.1954E-05   7.2965E-05   0.84909
FLUX  617   869.00        3.449856E+14   6.7884E-05   7.2686E-05   0.93393
FLUX  618   871.00        3.441935E+14   6.9278E-05   7.2409E-05   0.95676
FLUX  619   873.00        3.434049E+14   6.7187E-05   7.2134E-05   0.93141
FLUX  620   875.00        3.426200E+14   5.9176E-05   7.1861E-05   0.82348
FLUX  621   877.00        3.418387E+14   6.5066E-05   7.1589E-05   0.90889
FLUX  622   879.00        3.410609E+14   6.8936E-05   7.1318E-05   0.96660
FLUX  623   881.00        3.402866E+14   6.9464E-05   7.1049E-05   0.97768
FLUX  624   883.00        3.395159E+14   6.8225E-05   7.0782E-05   0.96388
FLUX  625   885.00        3.387486E+14   6.2857E-05   7.0516E-05   0.89139
FLUX  626   887.00        3.379848E+14   5.7326E-05   7.0252E-05   0.81601
FLUX  627   889.00        3.372244E+14   6.5958E-05   6.9989E-05   0.94240
FLUX  628   891.00        3.364675E+14   6.8231E-05   6.9727E-05   0.97853
FLUX  629   893.00        3.357139E+14   6.8476E-05   6.9468E-05   0.98572
FLUX  630   895.00        3.349637E+14   6.8465E-05   6.9209E-05   0.98925
FLUX  631   897.00        3.342168E+14   6.7705E-05   6.8953E-05   0.98191
FLUX  632   899.00        3.334733E+14   6.5156E-05   6.8697E-05   0.94845
FLUX  633   901.00        3.327331E+14   5.6368E-05   6.8443E-05   0.82358
FLUX  634   903.00        3.319961E+14   5.9513E-05   6.8191E-05   0.87275
FLUX  635   905.00        3.312624E+14   6.5486E-05   6.7939E-05   0.96388
FLUX  636   907.00        3.305320E+14   6.6292E-05   6.7689E-05   0.97936
FLUX  637   909.00        3.298047E+14   6.6593E-05   6.7441E-05   0.98742
FLUX  638   911.00        3.290807E+14   6.6749E-05   6.7194E-05   0.99339
FLUX  639   913.00        3.283598E+14   6.6543E-05   6.6948E-05   0.99394
FLUX  640   915.00        3.276421E+14   6.6302E-05   6.6704E-05   0.99398
FLUX  641   917.00        3.269275E+14   6.5685E-05   6.6460E-05   0.98834
FLUX  642   919.00        3.262160E+14   6.4597E-05   6.6219E-05   0.97551
FLUX  643   921.00        3.255076E+14   6.0999E-05   6.5978E-05   0.92453
FLUX  644   923.00        3.248023E+14   5.2330E-05   6.5739E-05   0.79603
FLUX  645   925.00        3.241000E+14   5.9667E-05   6.5501E-05   0.91092
FLUX  646   927.00        3.234008E+14   6.2914E-05   6.5265E-05   0.96398
FLUX  647   929.00        3.227045E+14   6.4265E-05   6.5030E-05   0.98824
FLUX  648   931.00        3.220113E+14   6.4315E-05   6.4796E-05   0.99259
FLUX  649   933.00        3.213210E+14   6.4269E-05   6.4563E-05   0.99545
FLUX  650   935.00        3.206337E+14   6.4154E-05   6.4332E-05   0.99724
FLUX  651   937.00        3.199493E+14   6.4042E-05   6.4101E-05   0.99907
FLUX  652   939.00        3.192678E+14   6.3781E-05   6.3873E-05   0.99857
FLUX  653   941.00        3.185893E+14   6.3106E-05   6.3645E-05   0.99153
FLUX  654   943.00        3.179136E+14   6.3238E-05   6.3418E-05   0.99715
FLUX  655   945.00        3.172407E+14   6.2978E-05   6.3193E-05   0.99660
FLUX  656   947.00        3.165707E+14   6.2450E-05   6.2969E-05   0.99176
FLUX  657   949.00        3.159036E+14   6.2064E-05   6.2746E-05   0.98913
FLUX  658   951.00        3.152392E+14   6.0703E-05   6.2524E-05   0.97087
FLUX  659   953.00        3.145776E+14   5.6823E-05   6.2304E-05   0.91203
FLUX  660   955.00        3.139188E+14   4.9694E-05   6.2085E-05   0.80042
FLUX  661   957.00        3.132628E+14   5.7486E-05   6.1866E-05   0.92919
FLUX  662   959.00        3.126095E+14   6.0291E-05   6.1650E-05   0.97796
FLUX  663   961.00        3.119589E+14   6.0798E-05   6.1434E-05   0.98966
FLUX  664   963.00        3.113110E+14   6.0454E-05   6.1219E-05   0.98750
FLUX  665   965.00        3.106658E+14   6.0833E-05   6.1005E-05   0.99718
FLUX  666   967.00        3.100233E+14   6.0679E-05   6.0793E-05   0.99812
FLUX  667   969.00        3.093834E+14   6.0520E-05   6.0582E-05   0.99898
FLUX  668   971.00        3.087461E+14   6.0295E-05   6.0372E-05   0.99874
FLUX  669   973.00        3.081115E+14   6.0154E-05   6.0162E-05   0.99985
FLUX  670   975.00        3.074795E+14   5.9922E-05   5.9954E-05   0.99946
FLUX  671   977.00        3.068501E+14   5.9746E-05   5.9747E-05   0.99997
FLUX  672   979.00        3.062232E+14   5.9534E-05   5.9542E-05   0.99988
FLUX  673   981.00        3.055989E+14   5.9323E-05   5.9337E-05   0.99977
FLUX  674   983.00        3.049771E+14   5.9083E-05   5.9133E-05   0.99915
FLUX  675   985.00        3.043579E+14   5.8912E-05   5.8930E-05   0.99969
FLUX  676   987.00        3.037411E+14   5.8696E-05   5.8729E-05   0.99944
FLUX  677   989.00        3.031269E+14   5.8444E-05   5.8528E-05   0.99857
FLUX  678   991.00        3.025151E+14   5.8209E-05   5.8328E-05   0.99795
FLUX  679   993.00        3.019058E+14   5.8054E-05   5.8130E-05   0.99869
FLUX  680   995.00        3.012990E+14   5.7751E-05   5.7932E-05   0.99687
FLUX  681   997.00        3.006946E+14   5.7439E-05   5.7736E-05   0.99486
FLUX  682   999.00        3.000926E+14   5.7000E-05   5.7540E-05   0.99062
FLUX  683  1002.50        2.990449E+14   5.3217E-05   5.7201E-05   0.93035
FLUX  684  1007.50        2.975608E+14   5.1520E-05   5.6721E-05   0.90831
FLUX  685  1012.50        2.960914E+14   5.5645E-05   5.6247E-05   0.98930
FLUX  686  1017.50        2.946364E+14   5.5666E-05   5.5779E-05   0.99799
FLUX  687  1022.50        2.931956E+14   5.5288E-05   5.5316E-05   0.99949
FLUX  688  1027.50        2.917689E+14   5.4846E-05   5.4860E-05   0.99975
FLUX  689  1032.50        2.903559E+14   5.4287E-05   5.4409E-05   0.99775
FLUX  690  1037.50        2.889566E+14   5.3951E-05   5.3964E-05   0.99976
FLUX  691  1042.50        2.875707E+14   5.3519E-05   5.3525E-05   0.99989
FLUX  692  1047.50        2.861981E+14   5.3072E-05   5.3091E-05   0.99965
FLUX  693  1052.50        2.848385E+14   5.2628E-05   5.2662E-05   0.99936
FLUX  694  1057.50        2.834917E+14   5.2220E-05   5.2238E-05   0.99965
FLUX  695  1062.50        2.821576E+14   5.1813E-05   5.1819E-05   0.99988
FLUX  696  1067.50        2.808361E+14   5.1238E-05   5.1406E-05   0.99673
FLUX  697  1072.50        2.795268E+14   5.0962E-05   5.0997E-05   0.99932
FLUX  698  1077.50        2.782297E+14   5.0562E-05   5.0593E-05   0.99939
FLUX  699  1082.50        2.769446E+14   4.9680E-05   5.0194E-05   0.98977
FLUX  700  1087.50        2.756713E+14   4.9251E-05   4.9799E-05   0.98899
FLUX  701  1092.50        2.744096E+14   4.3925E-05   4.9409E-05   0.88900
FLUX  702  1097.50        2.731595E+14   4.6726E-05   4.9024E-05   0.95311
FLUX  703  1102.50        2.719206E+14   4.8251E-05   4.8644E-05   0.99192
FLUX  704  1107.50        2.706930E+14   4.8196E-05   4.8268E-05   0.99852
FLUX  705  1112.50        2.694764E+14   4.7889E-05   4.7896E-05   0.99985
FLUX  706  1117.50        2.682707E+14   4.7514E-05   4.7528E-05   0.99970
FLUX  707  1122.50        2.670757E+14   4.7152E-05   4.7165E-05   0.99972
FLUX  708  1127.50        2.658914E+14   4.6647E-05   4.6806E-05   0.99659
FLUX  709  1132.50        2.647174E+14   4.6343E-05   4.6451E-05   0.99766
FLUX  710  1137.50        2.635538E+14   4.6089E-05   4.6100E-05   0.99976
FLUX  711  1142.50        2.624004E+14   4.5741E-05   4.5753E-05   0.99972
FLUX  712  1147.50        2.612571E+14   4.5407E-05   4.5410E-05   0.99992
FLUX  713  1152.50        2.601236E+14   4.5066E-05   4.5071E-05   0.99989
FLUX  714  1157.50        2.590000E+14   4.4732E-05   4.4736E-05   0.99990
FLUX  715  1162.50        2.578860E+14   4.4353E-05   4.4405E-05   0.99885
FLUX  716  1167.50        2.567816E+14   4.4036E-05   4.4077E-05   0.99907
FLUX  717  1172.50        2.556866E+14   4.3737E-05   4.3753E-05   0.99964
FLUX  718  1177.50        2.546008E+14   4.3322E-05   4.3432E-05   0.99747
FLUX  719  1182.50        2.535243E+14   4.3103E-05   4.3115E-05   0.99973
FLUX  720  1187.50        2.524568E+14   4.2776E-05   4.2802E-05   0.99939
FLUX  721  1192.50        2.513983E+14   4.2490E-05   4.2491E-05   0.99997
FLUX  722  1197.50        2.503486E+14   4.2008E-05   4.2185E-05   0.99581
FLUX  723  1202.50        2.493077E+14   4.1880E-05   4.1881E-05   0.99997
FLUX  724  1207.50        2.482754E+14   4.1578E-05   4.1581E-05   0.99992
FLUX  725  1212.50        2.472515E+14   4.1278E-05   4.1285E-05   0.99985
FLUX  726  1217.50        2.462361E+14   4.0987E-05   4.0991E-05   0.99990
FLUX  727  1222.50        2.452290E+14   4.0696E-05   4.0701E-05   0.99988
FLUX  728  1227.50        2.442301E+14   4.0404E-05   4.0413E-05   0.99977
FLUX  729  1232.50        2.432394E+14   4.0120E-05   4.0129E-05   0.99978
FLUX  730  1237.50        2.422566E+14   3.9841E-05   3.9847E-05   0.99985
FLUX  731  1242.50        2.412817E+14   3.9568E-05   3.9569E-05   0.99997
FLUX  732  1247.50        2.403146E+14   3.9255E-05   3.9293E-05   0.99903
FLUX  733  1252.50        2.393553E+14   3.8993E-05   3.9020E-05   0.99929
FLUX  734  1257.50        2.384036E+14   3.8720E-05   3.8751E-05   0.99921
FLUX  735  1262.50        2.374594E+14   3.8469E-05   3.8484E-05   0.99963
FLUX  736  1267.50        2.365227E+14   3.8185E-05   3.8219E-05   0.99911
FLUX  737  1272.50        2.355933E+14   3.7785E-05   3.7958E-05   0.99546
FLUX  738  1277.50        2.346712E+14   3.6703E-05   3.7699E-05   0.97358
FLUX  739  1282.50        2.337563E+14   3.3342E-05   3.7443E-05   0.89048
FLUX  740  1287.50        2.328485E+14   3.6530E-05   3.7189E-05   0.98228
FLUX  741  1292.50        2.319478E+14   3.6799E-05   3.6938E-05   0.99624
FLUX  742  1297.50        2.310539E+14   3.6582E-05   3.6690E-05   0.99707
FLUX  743  1302.50        2.301670E+14   3.6443E-05   3.6444E-05   0.99998
FLUX  744  1307.50        2.292868E+14   3.6200E-05   3.6201E-05   0.99998
FLUX  745  1312.50        2.284133E+14   3.5959E-05   3.5960E-05   0.99999
FLUX  746  1317.50        2.275465E+14   3.5698E-05   3.5721E-05   0.99934
FLUX  747  1322.50        2.266862E+14   3.5485E-05   3.5485E-05   0.99999
FLUX  748  1327.50        2.258324E+14   3.5251E-05   3.5251E-05   0.99999
FLUX  749  1332.50        2.249850E+14   3.5020E-05   3.5020E-05   0.99999
FLUX  750  1337.50        2.241439E+14   3.4790E-05   3.4791E-05   0.99999
FLUX  751  1342.50        2.233091E+14   3.4554E-05   3.4564E-05   0.99971
FLUX  752  1347.50        2.224805E+14   3.4335E-05   3.4339E-05   0.99989
FLUX  753  1352.50        2.216580E+14   3.4109E-05   3.4117E-05   0.99979
FLUX  754  1357.50        2.208416E+14   3.3893E-05   3.3896E-05   0.99989
FLUX  755  1362.50        2.200312E+14   3.3674E-05   3.3678E-05   0.99987
FLUX  756  1367.50        2.192267E+14   3.3450E-05   3.3462E-05   0.99964
FLUX  757  1372.50        2.184281E+14   3.3237E-05   3.3248E-05   0.99967
FLUX  758  1377.50        2.176352E+14   3.3035E-05   3.3036E-05   0.99998
FLUX  759  1382.50        2.168481E+14   3.2825E-05   3.2826E-05   0.99998
FLUX  760  1387.50        2.160667E+14   3.2618E-05   3.2618E-05   0.99998
FLUX  761  1392.50        2.152908E+14   3.2409E-05   3.2412E-05   0.99988
FLUX  762  1397.50        2.145206E+14   3.2206E-05   3.2208E-05   0.99992
FLUX  763  1402.50        2.137558E+14   3.2006E-05   3.2006E-05   0.99998
FLUX  764  1407.50        2.129964E+14   3.1804E-05   3.1806E-05   0.99991
FLUX  765  1412.50        2.122425E+14   3.1605E-05   3.1608E-05   0.99991
FLUX  766  1417.50        2.114938E+14   3.1411E-05   3.1412E-05   0.99999
FLUX  767  1422.50        2.107504E+14   3.1217E-05   3.1217E-05   0.99999
FLUX  768  1427.50        2.100123E+14   3.1024E-05   3.1024E-05   0.99999
FLUX  769  1432.50        2.092792E+14   3.0833E-05   3.0833E-05   0.99998
FLUX  770  1437.50        2.085513E+14   3.0643E-05   3.0644E-05   0.99998
FLUX  771  1442.50        2.078284E+14   3.0433E-05   3.0457E-05   0.99921
FLUX  772  1447.50        2.071105E+14   3.0263E-05   3.0271E-05   0.99975
FLUX  773  1452.50        2.063976E+14   3.0078E-05   3.0087E-05   0.99971
FLUX  774  1457.00        2.057601E+14   2.9922E-05   2.9923E-05   0.99999
FLUX  775  1462.00        2.050564E+14   2.9740E-05   3.0462E-05   0.97629
FLUX  776  1467.50        2.042879E+14   2.9552E-05   3.0258E-05   0.97667
FLUX  777  1472.50        2.035942E+14   2.9376E-05   3.0073E-05   0.97682
FLUX  778  1477.50        2.029052E+14   2.9197E-05   2.9891E-05   0.97679
FLUX  779  1482.50        2.022209E+14   2.9035E-05   2.9710E-05   0.97729
FLUX  780  1487.50        2.015412E+14   2.8865E-05   2.9531E-05   0.97746
FLUX  781  1492.50        2.008660E+14   2.8701E-05   2.9353E-05   0.97777
FLUX  782  1497.50        2.001953E+14   2.8531E-05   2.9177E-05   0.97785
FLUX  783  1502.50        1.995291E+14   2.8369E-05   2.9003E-05   0.97814
FLUX  784  1507.50        1.988673E+14   2.8185E-05   2.8830E-05   0.97763
FLUX  785  1512.50        1.982099E+14   2.8039E-05   2.8659E-05   0.97836
FLUX  786  1517.50        1.975568E+14   2.7876E-05   2.8489E-05   0.97847
FLUX  787  1522.50        1.969080E+14   2.7711E-05   2.8321E-05   0.97846
FLUX  788  1527.50        1.962635E+14   2.7542E-05   2.8154E-05   0.97826
FLUX  789  1532.50        1.956232E+14   2.7371E-05   2.7989E-05   0.97794
FLUX  790  1537.50        1.949870E+14   2.7228E-05   2.7825E-05   0.97854
FLUX  791  1542.50        1.943549E+14   2.7021E-05   2.7663E-05   0.97679
FLUX  792  1547.50        1.937270E+14   2.6905E-05   2.7502E-05   0.97830
FLUX  793  1552.50        1.931031E+14   2.6729E-05   2.7342E-05   0.97758
FLUX  794  1557.50        1.924831E+14   2.6467E-05   2.7184E-05   0.97362
FLUX  795  1562.50        1.918672E+14   2.6519E-05   2.7027E-05   0.98119
FLUX  796  1567.50        1.912552E+14   2.6170E-05   2.6872E-05   0.97387
FLUX  797  1572.50        1.906471E+14   2.5912E-05   2.6718E-05   0.96984
FLUX  798  1577.50        1.900428E+14   2.6122E-05   2.6565E-05   0.98330
FLUX  799  1582.50        1.894423E+14   2.5927E-05   2.6414E-05   0.98158
FLUX  800  1587.50        1.888457E+14   2.5120E-05   2.6264E-05   0.95644
FLUX  801  1592.50        1.882527E+14   2.5469E-05   2.6115E-05   0.97529
FLUX  802  1597.50        1.876635E+14   2.5640E-05   2.5967E-05   0.98739
FLUX  803  1605.00        1.867866E+14   2.5201E-05   2.5748E-05   0.97873
FLUX  804  1615.00        1.856300E+14   2.4505E-05   2.5461E-05   0.96246
FLUX  805  1625.00        1.844877E+14   2.4998E-05   2.5178E-05   0.99286
FLUX  806  1635.00        1.833593E+14   2.4300E-05   2.4900E-05   0.97594
FLUX  807  1645.00        1.822447E+14   2.3529E-05   2.4626E-05   0.95545
FLUX  808  1655.00        1.811435E+14   2.4256E-05   2.4357E-05   0.99587
FLUX  809  1665.00        1.800556E+14   2.4019E-05   2.4092E-05   0.99695
FLUX  810  1675.00        1.789806E+14   2.3205E-05   2.3832E-05   0.97371
FLUX  811  1685.00        1.779184E+14   2.2414E-05   2.3575E-05   0.95073
FLUX  812  1695.00        1.768687E+14   2.3228E-05   2.3323E-05   0.99593
FLUX  813  1705.00        1.758314E+14   2.3008E-05   2.3075E-05   0.99711
FLUX  814  1715.00        1.748061E+14   2.2816E-05   2.2831E-05   0.99933
FLUX  815  1725.00        1.737928E+14   2.2457E-05   2.2591E-05   0.99407
FLUX  816  1735.00        1.727911E+14   2.0923E-05   2.2354E-05   0.93599
FLUX  817  1745.00        1.718009E+14   2.1816E-05   2.2122E-05   0.98617
FLUX  818  1755.00        1.708219E+14   2.1866E-05   2.1893E-05   0.99881
FLUX  819  1765.00        1.698541E+14   2.1661E-05   2.1667E-05   0.99972
FLUX  820  1775.00        1.688972E+14   2.1435E-05   2.1445E-05   0.99955
FLUX  821  1785.00        1.679510E+14   2.1220E-05   2.1226E-05   0.99970
FLUX  822  1795.00        1.670153E+14   2.1009E-05   2.1011E-05   0.99991
FLUX  823  1805.00        1.660900E+14   2.0684E-05   2.0799E-05   0.99447
FLUX  824  1815.00        1.651749E+14   1.9350E-05   2.0590E-05   0.93980
FLUX  825  1825.00        1.642699E+14   1.9967E-05   2.0384E-05   0.97953
FLUX  826  1835.00        1.633747E+14   2.0145E-05   2.0182E-05   0.99821
FLUX  827  1845.00        1.624892E+14   1.9979E-05   1.9982E-05   0.99986
FLUX  828  1855.00        1.616132E+14   1.9768E-05   1.9785E-05   0.99909
FLUX  829  1865.00        1.607466E+14   1.9426E-05   1.9592E-05   0.99152
FLUX  830  1875.00        1.598893E+14   1.8211E-05   1.9401E-05   0.93866
FLUX  831  1885.00        1.590411E+14   1.9083E-05   1.9213E-05   0.99326
FLUX  832  1895.00        1.582018E+14   1.9021E-05   1.9027E-05   0.99965
FLUX  833  1905.00        1.573714E+14   1.8818E-05   1.8845E-05   0.99861
FLUX  834  1915.00        1.565496E+14   1.8663E-05   1.8664E-05   0.99990
FLUX  835  1925.00        1.557364E+14   1.8474E-05   1.8487E-05   0.99929
FLUX  836  1935.00        1.549315E+14   1.8153E-05   1.8312E-05   0.99133
FLUX  837  1945.00        1.541350E+14   1.6925E-05   1.8139E-05   0.93304
FLUX  838  1955.00        1.533465E+14   1.7804E-05   1.7969E-05   0.99083
FLUX  839  1965.00        1.525662E+14   1.7790E-05   1.7801E-05   0.99937
FLUX  840  1975.00        1.517937E+14   1.7636E-05   1.7636E-05   0.99997
FLUX  841  1985.00        1.510290E+14   1.7473E-05   1.7473E-05   0.99998
FLUX  842  1995.00        1.502719E+14   1.7312E-05   1.7312E-05   0.99999
FLUX  843  2005.00        1.495224E+14   1.7153E-05   1.7154E-05   0.99999
FLUX  844  2015.00        1.487804E+14   1.6997E-05   1.6997E-05   0.99999
FLUX  845  2025.00        1.480457E+14   1.6843E-05   1.6843E-05   0.99999
FLUX  846  2035.00        1.473182E+14   1.6691E-05   1.6691E-05   0.99999
FLUX  847  2045.00        1.465978E+14   1.6540E-05   1.6541E-05   0.99994
FLUX  848  2055.00        1.458844E+14   1.6378E-05   1.6392E-05   0.99909
FLUX  849  2065.00        1.451780E+14   1.6246E-05   1.6246E-05   0.99999
FLUX  850  2075.00        1.444783E+14   1.6102E-05   1.6102E-05   0.99999
FLUX  851  2085.00        1.437854E+14   1.5960E-05   1.5960E-05   0.99999
FLUX  852  2095.00        1.430990E+14   1.5819E-05   1.5820E-05   0.99997
FLUX  853  2105.00        1.424192E+14   1.5681E-05   1.5681E-05   0.99997
FLUX  854  2115.00        1.417459E+14   1.5527E-05   1.5544E-05   0.99888
FLUX  855  2125.00        1.410788E+14   1.5407E-05   1.5409E-05   0.99985
FLUX  856  2135.00        1.404180E+14   1.5273E-05   1.5276E-05   0.99978
FLUX  857  2145.00        1.397634E+14   1.5133E-05   1.5145E-05   0.99922
FLUX  858  2155.00        1.391148E+14   1.4905E-05   1.5015E-05   0.99266
FLUX  859  2165.00        1.384723E+14   1.3927E-05   1.4887E-05   0.93550
FLUX  860  2175.00        1.378356E+14   1.4580E-05   1.4760E-05   0.98779
FLUX  861  2185.00        1.372048E+14   1.4616E-05   1.4636E-05   0.99865
FLUX  862  2195.00        1.365797E+14   1.4510E-05   1.4512E-05   0.99982
FLUX  863  2205.00        1.359603E+14   1.4390E-05   1.4391E-05   0.99999
FLUX  864  2215.00        1.353465E+14   1.4270E-05   1.4270E-05   0.99995
FLUX  865  2225.00        1.347382E+14   1.4151E-05   1.4152E-05   0.99998
FLUX  866  2235.00        1.341353E+14   1.4034E-05   1.4034E-05   0.99999
FLUX  867  2245.00        1.335379E+14   1.3919E-05   1.3919E-05   0.99999
FLUX  868  2255.00        1.329457E+14   1.3804E-05   1.3804E-05   0.99999
FLUX  869  2265.00        1.323587E+14   1.3691E-05   1.3691E-05   1.00000
FLUX  870  2275.00        1.317769E+14   1.3580E-05   1.3580E-05   0.99999
FLUX  871  2285.00        1.312002E+14   1.3470E-05   1.3583E-05   0.99172
FLUX  872  2295.00        1.306285E+14   1.3362E-05   1.3472E-05   0.99181
FLUX  873  2305.00        1.300618E+14   1.3255E-05   1.3364E-05   0.99189
FLUX  874  2315.00        1.295000E+14   1.3150E-05   1.3256E-05   0.99201
FLUX  875  2325.00        1.289430E+14   1.3046E-05   1.3150E-05   0.99211
FLUX  876  2335.00        1.283908E+14   1.2943E-05   1.3045E-05   0.99220
FLUX  877  2345.00        1.278433E+14   1.2841E-05   1.2941E-05   0.99230
FLUX  878  2355.00        1.273004E+14   1.2741E-05   1.2838E-05   0.99239
FLUX  879  2365.00        1.267622E+14   1.2641E-05   1.2737E-05   0.99246
FLUX  880  2375.00        1.262284E+14   1.2543E-05   1.2637E-05   0.99256
FLUX  881  2385.00        1.256992E+14   1.2446E-05   1.2538E-05   0.99266
FLUX  882  2395.00        1.251743E+14   1.2349E-05   1.2440E-05   0.99267
FLUX  883  2405.00        1.246538E+14   1.2252E-05   1.2343E-05   0.99262
FLUX  884  2415.00        1.241377E+14   1.2158E-05   1.2248E-05   0.99264
FLUX  885  2425.00        1.236258E+14   1.2067E-05   1.2153E-05   0.99286
FLUX  886  2435.00        1.231181E+14   1.1973E-05   1.2060E-05   0.99279
FLUX  887  2445.00        1.226145E+14   1.1880E-05   1.1968E-05   0.99264
FLUX  888  2455.00        1.221151E+14   1.1792E-05   1.1877E-05   0.99288
FLUX  889  2465.00        1.216197E+14   1.1698E-05   1.1786E-05   0.99247
FLUX  890  2475.00        1.211283E+14   1.1606E-05   1.1697E-05   0.99223
FLUX  891  2485.00        1.206408E+14   1.1530E-05   1.1609E-05   0.99321
FLUX  892  2495.00        1.201573E+14   1.1417E-05   1.1522E-05   0.99091
FLUX  893  2505.00        1.196776E+14   1.1360E-05   1.1436E-05   0.99338
FLUX  894  2515.00        1.192018E+14   1.1276E-05   1.1350E-05   0.99341
FLUX  895  2525.00        1.187297E+14   1.1140E-05   1.1266E-05   0.98884
FLUX  896  2535.00        1.182613E+14   1.1103E-05   1.1183E-05   0.99288
FLUX  897  2545.00        1.177967E+14   1.1042E-05   1.1100E-05   0.99472
FLUX  898  2555.00        1.173356E+14   1.0934E-05   1.1019E-05   0.99229
FLUX  899  2565.00        1.168782E+14   1.0771E-05   1.0938E-05   0.98470
FLUX  900  2575.00        1.164243E+14   1.0784E-05   1.0859E-05   0.99313
FLUX  901  2585.00        1.159739E+14   1.0731E-05   1.0780E-05   0.99545
FLUX  902  2595.00        1.155270E+14   1.0647E-05   1.0702E-05   0.99485
FLUX  903  2605.00        1.150835E+14   1.0495E-05   1.0625E-05   0.98781
FLUX  904  2615.00        1.146434E+14   1.0256E-05   1.0548E-05   0.97228
FLUX  905  2625.00        1.142067E+14   9.7793E-06   1.0473E-05   0.93377
FLUX  906  2635.00        1.137732E+14   1.0237E-05   1.0398E-05   0.98454
FLUX  907  2645.00        1.133431E+14   1.0274E-05   1.0324E-05   0.99510
FLUX  908  2655.00        1.129162E+14   1.0208E-05   1.0251E-05   0.99582
FLUX  909  2665.00        1.124925E+14   1.0084E-05   1.0179E-05   0.99065
FLUX  910  2675.00        1.120720E+14   9.7775E-06   1.0107E-05   0.96737
FLUX  911  2685.00        1.116546E+14   9.9396E-06   1.0036E-05   0.99035
FLUX  912  2695.00        1.112403E+14   9.9382E-06   9.9664E-06   0.99717
FLUX  913  2705.00        1.108290E+14   9.8961E-06   9.8971E-06   0.99990
FLUX  914  2715.00        1.104208E+14   9.8282E-06   9.8285E-06   0.99998
FLUX  915  2725.00        1.100156E+14   9.7603E-06   9.7605E-06   0.99998
FLUX  916  2735.00        1.096133E+14   9.6819E-06   9.6933E-06   0.99882
FLUX  917  2745.00        1.092140E+14   9.5646E-06   9.6268E-06   0.99354
FLUX  918  2755.00        1.088176E+14   9.2006E-06   9.5610E-06   0.96231
FLUX  919  2765.00        1.084241E+14   9.2989E-06   9.4958E-06   0.97927
FLUX  920  2775.00        1.080333E+14   9.3952E-06   9.4313E-06   0.99617
FLUX  921  2785.00        1.076454E+14   9.3672E-06   9.3675E-06   0.99997
FLUX  922  2795.00        1.072603E+14   9.3041E-06   9.3043E-06   0.99999
FLUX  923  2805.00        1.068779E+14   9.2416E-06   9.2417E-06   0.99999
FLUX  924  2815.00        1.064982E+14   9.1796E-06   9.1797E-06   0.99998
FLUX  925  2825.00        1.061212E+14   9.1182E-06   9.1184E-06   0.99997
FLUX  926  2835.00        1.057469E+14   9.0565E-06   9.0577E-06   0.99987
FLUX  927  2845.00        1.053752E+14   8.9967E-06   8.9976E-06   0.99990
FLUX  928  2855.00        1.050061E+14   8.9062E-06   8.9381E-06   0.99643
FLUX  929  2865.00        1.046396E+14   8.7214E-06   8.8792E-06   0.98224
FLUX  930  2875.00        1.042757E+14   8.4006E-06   8.8208E-06   0.95236
FLUX  931  2885.00        1.039142E+14   8.6886E-06   8.7630E-06   0.99150
FLUX  932  2895.00        1.035553E+14   8.6911E-06   8.7058E-06   0.99831
FLUX  933  2905.00        1.031988E+14   8.6490E-06   8.6492E-06   0.99998
FLUX  934  2915.00        1.028448E+14   8.5924E-06   8.5931E-06   0.99992
FLUX  935  2925.00        1.024932E+14   8.5374E-06   8.5375E-06   0.99999
FLUX  936  2935.00        1.021440E+14   8.4821E-06   8.4825E-06   0.99995
FLUX  937  2945.00        1.017971E+14   8.4278E-06   8.4280E-06   0.99997
FLUX  938  2955.00        1.014526E+14   8.3741E-06   8.3741E-06   1.00000
FLUX  939  2965.00        1.011105E+14   8.3206E-06   8.3206E-06   0.99999
FLUX  940  2975.00        1.007706E+14   8.2676E-06   8.2677E-06   0.99999
FLUX  941  2985.00        1.004330E+14   8.2152E-06   8.2153E-06   0.99999
FLUX  942  2995.00        1.000977E+14   8.1633E-06   8.1633E-06   0.99999
FLUX  943  3005.00        9.976456E+13   8.1117E-06   8.1119E-06   0.99997
FLUX  944  3015.00        9.943367E+13   8.0533E-06   8.0609E-06   0.99906
FLUX  945  3025.00        9.910496E+13   7.9602E-06   8.0105E-06   0.99373
FLUX  946  3035.00        9.877842E+13   7.6169E-06   7.9605E-06   0.95685
FLUX  947  3045.00        9.845402E+13   7.6768E-06   7.9109E-06   0.97040
FLUX  948  3055.00        9.813175E+13   7.8228E-06   7.8618E-06   0.99503
FLUX  949  3065.00        9.781158E+13   7.8100E-06   7.8132E-06   0.99959
FLUX  950  3075.00        9.749350E+13   7.7648E-06   7.7650E-06   0.99997
FLUX  951  3085.00        9.717747E+13   7.7141E-06   7.7173E-06   0.99959
FLUX  952  3095.00        9.686349E+13   7.6699E-06   7.6700E-06   0.99999
FLUX  953  3105.00        9.655153E+13   7.6231E-06   7.6232E-06   0.99999
FLUX  954  3115.00        9.624157E+13   7.5767E-06   7.5767E-06   0.99999
FLUX  955  3125.00        9.593360E+13   7.5305E-06   7.5307E-06   0.99997
FLUX  956  3135.00        9.562759E+13   7.4851E-06   7.4851E-06   0.99999
FLUX  957  3145.00        9.532353E+13   7.4398E-06   7.4400E-06   0.99998
FLUX  958  3155.00        9.502139E+13   7.3951E-06   7.3952E-06   0.99999
FLUX  959  3165.00        9.472117E+13   7.3506E-06   7.3508E-06   0.99997
FLUX  960  3175.00        9.442283E+13   7.3068E-06   7.3069E-06   0.99998
FLUX  961  3185.00        9.412637E+13   7.2633E-06   7.2633E-06   1.00000
FLUX  962  3195.00        9.383177E+13   7.2200E-06   7.2201E-06   0.99999
FLUX  963  3210.00        9.339330E+13   7.1560E-06   7.1560E-06   0.99999
FLUX  964  3230.00        9.281502E+13   7.0719E-06   7.0719E-06   1.00000
FLUX  965  3250.00        9.224385E+13   6.9892E-06   6.9893E-06   0.99999
FLUX  966  3270.00        9.167966E+13   6.8978E-06   6.9081E-06   0.99852
FLUX  967  3290.00        9.112234E+13   6.5772E-06   6.8528E-06   0.95978
FLUX  968  3310.00        9.057175E+13   6.6665E-06   6.7740E-06   0.98414
FLUX  969  3330.00        9.002778E+13   6.6591E-06   6.6965E-06   0.99441
FLUX  970  3350.00        8.949030E+13   6.5886E-06   6.6203E-06   0.99520
FLUX  971  3370.00        8.895920E+13   6.5152E-06   6.5455E-06   0.99538
FLUX  972  3390.00        8.843437E+13   6.4430E-06   6.4718E-06   0.99554
FLUX  973  3410.00        8.791569E+13   6.3716E-06   6.3995E-06   0.99564
FLUX  974  3430.00        8.740306E+13   6.3012E-06   6.3283E-06   0.99573
FLUX  975  3450.00        8.689638E+13   6.2321E-06   6.2583E-06   0.99582
FLUX  976  3470.00        8.639553E+13   6.1639E-06   6.1894E-06   0.99587
FLUX  977  3490.00        8.590043E+13   6.0967E-06   6.1217E-06   0.99593
FLUX  978  3510.00        8.541097E+13   6.0310E-06   6.0550E-06   0.99602
FLUX  979  3530.00        8.492705E+13   5.9659E-06   5.9895E-06   0.99607
FLUX  980  3550.00        8.444859E+13   5.9020E-06   5.9250E-06   0.99612
FLUX  981  3570.00        8.397549E+13   5.8388E-06   5.8615E-06   0.99613
FLUX  982  3590.00        8.350766E+13   5.7774E-06   5.7991E-06   0.99625
FLUX  983  3610.00        8.304501E+13   5.7154E-06   5.7376E-06   0.99612
FLUX  984  3630.00        8.258747E+13   5.6563E-06   5.6771E-06   0.99633
FLUX  985  3650.00        8.213493E+13   5.5952E-06   5.6176E-06   0.99601
FLUX  986  3670.00        8.168733E+13   5.5391E-06   5.5590E-06   0.99642
FLUX  987  3690.00        8.124458E+13   5.4758E-06   5.5013E-06   0.99537
FLUX  988  3710.00        8.080660E+13   5.4175E-06   5.4445E-06   0.99506
FLUX  989  3730.00        8.037332E+13   5.2670E-06   5.3885E-06   0.97745
FLUX  990  3750.00        7.994467E+13   5.1716E-06   5.3334E-06   0.96965
FLUX  991  3770.00        7.952056E+13   5.2554E-06   5.2792E-06   0.99549
FLUX  992  3790.00        7.910092E+13   5.2096E-06   5.2258E-06   0.99690
FLUX  993  3810.00        7.868570E+13   5.1462E-06   5.1732E-06   0.99480
FLUX  994  3830.00        7.827480E+13   5.0967E-06   5.1213E-06   0.99519
FLUX  995  3850.00        7.786818E+13   5.0581E-06   5.0703E-06   0.99759
FLUX  996  3870.00        7.746576E+13   5.0089E-06   5.0200E-06   0.99778
FLUX  997  3890.00        7.706748E+13   4.9515E-06   4.9704E-06   0.99618
FLUX  998  3910.00        7.667327E+13   4.8792E-06   4.9216E-06   0.99137
FLUX  999  3930.00        7.628308E+13   4.8599E-06   4.8735E-06   0.99720
FLUX 1000  3950.00        7.589684E+13   4.8245E-06   4.8261E-06   0.99966
FLUX 1001  3970.00        7.551448E+13   4.7792E-06   4.7794E-06   0.99997
FLUX 1002  3990.00        7.513596E+13   4.7264E-06   4.7333E-06   0.99855
FLUX 1003  4010.00        7.476122E+13   4.6491E-06   4.6879E-06   0.99171
FLUX 1004  4030.00        7.439020E+13   4.5892E-06   4.6431E-06   0.98839
FLUX 1005  4050.00        7.402284E+13   4.4401E-06   4.5990E-06   0.96543
FLUX 1006  4070.00        7.365909E+13   4.5365E-06   4.5555E-06   0.99582
FLUX 1007  4090.00        7.329890E+13   4.5122E-06   4.5126E-06   0.99991
FLUX 1008  4110.00        7.294221E+13   4.4702E-06   4.4704E-06   0.99997
FLUX 1009  4130.00        7.258898E+13   4.4279E-06   4.4287E-06   0.99982
FLUX 1010  4150.00        7.223916E+13   4.3717E-06   4.3876E-06   0.99638
FLUX 1011  4170.00        7.189269E+13   4.2601E-06   4.3470E-06   0.98001
FLUX 1012  4190.00        7.154952E+13   4.2880E-06   4.3070E-06   0.99559
FLUX 1013  4210.00        7.120962E+13   4.2675E-06   4.2676E-06   0.99997
FLUX 1014  4230.00        7.087293E+13   4.2286E-06   4.2287E-06   0.99999
FLUX 1015  4250.00        7.053941E+13   4.1901E-06   4.1903E-06   0.99994
FLUX 1016  4270.00        7.020902E+13   4.1525E-06   4.1525E-06   1.00000
FLUX 1017  4290.00        6.988170E+13   4.1140E-06   4.1151E-06   0.99972
FLUX 1018  4310.00        6.955742E+13   4.0783E-06   4.0783E-06   0.99999
FLUX 1019  4330.00        6.923614E+13   4.0419E-06   4.0419E-06   0.99998
FLUX 1020  4350.00        6.891782E+13   3.9971E-06   4.0061E-06   0.99775
FLUX 1021  4370.00        6.860240E+13   3.8774E-06   3.9707E-06   0.97652
FLUX 1022  4390.00        6.828986E+13   3.8947E-06   3.9358E-06   0.98958
FLUX 1023  4410.00        6.798016E+13   3.8986E-06   3.9013E-06   0.99932
FLUX 1024  4430.00        6.767325E+13   3.8672E-06   3.8673E-06   0.99999
FLUX 1025  4450.00        6.736910E+13   3.8337E-06   3.8337E-06   0.99999
FLUX 1026  4470.00        6.706767E+13   3.8043E-06   3.8074E-06   0.99920
FLUX 1027  4490.00        6.676893E+13   3.7742E-06   3.7746E-06   0.99990
FLUX 1028  4510.00        6.647284E+13   3.7421E-06   3.7422E-06   0.99997
FLUX 1029  4530.00        6.617936E+13   3.7086E-06   3.7102E-06   0.99956
FLUX 1030  4550.00        6.588846E+13   3.6779E-06   3.6787E-06   0.99979
FLUX 1031  4570.00        6.560011E+13   3.6423E-06   3.6475E-06   0.99856
FLUX 1032  4590.00        6.531427E+13   3.6087E-06   3.6168E-06   0.99777
FLUX 1033  4610.00        6.503091E+13   3.5762E-06   3.5864E-06   0.99716
FLUX 1034  4630.00        6.475000E+13   3.5361E-06   3.5564E-06   0.99430
FLUX 1035  4650.00        6.447151E+13   3.3755E-06   3.5268E-06   0.95712
FLUX 1036  4670.00        6.419540E+13   3.3707E-06   3.4975E-06   0.96373
FLUX 1037  4690.00        6.392164E+13   3.4349E-06   3.4686E-06   0.99029
FLUX 1038  4710.00        6.365021E+13   3.4290E-06   3.4401E-06   0.99678
FLUX 1039  4730.00        6.338108E+13   3.4043E-06   3.4119E-06   0.99779
FLUX 1040  4750.00        6.311421E+13   3.3825E-06   3.3840E-06   0.99954
FLUX 1041  4770.00        6.284958E+13   3.3562E-06   3.3565E-06   0.99990
FLUX 1042  4790.00        6.258716E+13   3.3292E-06   3.3293E-06   0.99997
FLUX 1043  4810.00        6.232692E+13   3.3024E-06   3.3025E-06   0.99997
FLUX 1044  4830.00        6.206884E+13   3.2759E-06   3.2759E-06   0.99997
FLUX 1045  4850.00        6.181289E+13   3.2496E-06   3.2497E-06   0.99997
FLUX 1046  4870.00        6.155903E+13   3.2237E-06   3.2238E-06   0.99997
FLUX 1047  4890.00        6.130726E+13   3.1982E-06   3.1982E-06   0.99997
FLUX 1048  4910.00        6.105754E+13   3.1729E-06   3.1729E-06   0.99997
FLUX 1049  4930.00        6.080984E+13   3.1479E-06   3.1480E-06   0.99997
FLUX 1050  4950.00        6.056414E+13   3.1232E-06   3.1232E-06   0.99997
FLUX 1051  4970.00        6.032042E+13   3.0988E-06   3.0988E-06   0.99997
FLUX 1052  4990.00        6.007866E+13   3.0746E-06   3.0747E-06   0.99997
FLUX 1053  5010.00        5.983882E+13   3.0506E-06   3.0509E-06   0.99991
FLUX 1054  5030.00        5.960089E+13   3.0270E-06   3.0273E-06   0.99990
FLUX 1055  5050.00        5.936485E+13   3.0039E-06   3.0040E-06   0.99997
FLUX 1056  5070.00        5.913067E+13   2.9791E-06   2.9809E-06   0.99938
FLUX 1057  5090.00        5.889833E+13   2.9495E-06   2.9582E-06   0.99708
FLUX 1058  5110.00        5.866781E+13   2.9108E-06   2.9357E-06   0.99154
FLUX 1059  5130.00        5.843908E+13   2.8014E-06   2.9134E-06   0.96156
FLUX 1060  5150.00        5.821214E+13   2.8721E-06   2.8914E-06   0.99332
FLUX 1061  5170.00        5.798694E+13   2.8613E-06   2.8696E-06   0.99709
FLUX 1062  5190.00        5.776349E+13   2.8464E-06   2.8481E-06   0.99939
FLUX 1063  5210.00        5.754175E+13   2.8268E-06   2.8269E-06   0.99997
FLUX 1064  5230.00        5.732170E+13   2.8057E-06   2.8058E-06   0.99997
FLUX 1065  5250.00        5.710333E+13   2.7826E-06   2.7850E-06   0.99915
FLUX 1066  5270.00        5.688662E+13   2.7599E-06   2.7644E-06   0.99834
FLUX 1067  5290.00        5.667155E+13   2.7440E-06   2.7441E-06   0.99997
FLUX 1068  5310.00        5.645810E+13   2.7239E-06   2.7240E-06   0.99998
FLUX 1069  5330.00        5.624625E+13   2.7040E-06   2.7041E-06   0.99998
FLUX 1070  5350.00        5.603598E+13   2.6843E-06   2.6844E-06   0.99997
FLUX 1071  5370.00        5.582728E+13   2.6592E-06   2.6649E-06   0.99786
FLUX 1072  5390.00        5.562013E+13   2.6400E-06   2.6456E-06   0.99787
FLUX 1073  5410.00        5.541451E+13   2.6265E-06   2.6266E-06   0.99997
FLUX 1074  5430.00        5.521041E+13   2.6077E-06   2.6077E-06   0.99998
FLUX 1075  5450.00        5.500780E+13   2.5890E-06   2.5891E-06   0.99998
FLUX 1076  5470.00        5.480667E+13   2.5706E-06   2.5706E-06   0.99998
FLUX 1077  5490.00        5.460701E+13   2.5523E-06   2.5524E-06   0.99997
FLUX 1078  5510.00        5.440880E+13   2.5286E-06   2.5343E-06   0.99777
FLUX 1079  5530.00        5.421203E+13   2.5057E-06   2.5164E-06   0.99575
FLUX 1080  5550.00        5.401667E+13   2.4971E-06   2.4987E-06   0.99936
FLUX 1081  5570.00        5.382271E+13   2.4812E-06   2.4812E-06   0.99998
FLUX 1082  5590.00        5.363014E+13   2.4639E-06   2.4639E-06   0.99999
FLUX 1083  5610.00        5.343895E+13   2.4467E-06   2.4468E-06   0.99998
FLUX 1084  5630.00        5.324911E+13   2.4298E-06   2.4298E-06   0.99999
FLUX 1085  5650.00        5.306062E+13   2.4130E-06   2.4130E-06   0.99999
FLUX 1086  5670.00        5.287346E+13   2.3964E-06   2.3964E-06   0.99998
FLUX 1087  5690.00        5.268761E+13   2.3753E-06   2.3800E-06   0.99804
FLUX 1088  5710.00        5.250306E+13   2.3468E-06   2.3637E-06   0.99285
FLUX 1089  5730.00        5.231981E+13   2.3410E-06   2.3476E-06   0.99721
FLUX 1090  5750.00        5.213783E+13   2.3316E-06   2.3316E-06   0.99997
FLUX 1091  5770.00        5.195711E+13   2.3158E-06   2.3158E-06   0.99998
FLUX 1092  5790.00        5.177763E+13   2.3002E-06   2.3002E-06   0.99999
FLUX 1093  5810.00        5.159940E+13   2.2847E-06   2.2847E-06   0.99999
FLUX 1094  5830.00        5.142238E+13   2.2693E-06   2.2694E-06   0.99997
FLUX 1095  5850.00        5.124658E+13   2.2532E-06   2.2566E-06   0.99852
FLUX 1096  5870.00        5.107198E+13   2.2347E-06   2.2415E-06   0.99693
FLUX 1097  5890.00        5.089856E+13   2.2047E-06   2.2266E-06   0.99013
FLUX 1098  5910.00        5.072631E+13   2.1158E-06   2.2119E-06   0.95653
FLUX 1099  5930.00        5.055523E+13   2.1784E-06   2.1973E-06   0.99141
FLUX 1100  5950.00        5.038529E+13   2.1554E-06   2.1829E-06   0.98743
FLUX 1101  5970.00        5.021650E+13   2.1515E-06   2.1686E-06   0.99214
FLUX 1102  5990.00        5.004883E+13   2.1482E-06   2.1544E-06   0.99712
FLUX 1103  6010.00        4.988228E+13   2.1391E-06   2.1404E-06   0.99939
FLUX 1104  6030.00        4.971683E+13   2.1264E-06   2.1265E-06   0.99997
FLUX 1105  6050.00        4.955248E+13   2.1127E-06   2.1127E-06   0.99998
FLUX 1106  6070.00        4.938921E+13   2.0990E-06   2.0991E-06   0.99998
FLUX 1107  6090.00        4.922701E+13   2.0855E-06   2.0856E-06   0.99998
FLUX 1108  6110.00        4.906588E+13   2.0722E-06   2.0722E-06   0.99998
FLUX 1109  6130.00        4.890579E+13   2.0589E-06   2.0590E-06   0.99998
FLUX 1110  6150.00        4.874675E+13   2.0458E-06   2.0459E-06   0.99998
FLUX 1111  6170.00        4.858874E+13   2.0328E-06   2.0329E-06   0.99998
FLUX 1112  6190.00        4.843174E+13   2.0200E-06   2.0200E-06   0.99998
FLUX 1113  6210.00        4.827576E+13   2.0072E-06   2.0073E-06   0.99998
FLUX 1114  6230.00        4.812079E+13   1.9946E-06   1.9946E-06   0.99997
FLUX 1115  6250.00        4.796680E+13   1.9788E-06   1.9821E-06   0.99832
FLUX 1116  6270.00        4.781380E+13   1.9587E-06   1.9697E-06   0.99439
FLUX 1117  6290.00        4.766176E+13   1.9168E-06   1.9575E-06   0.97921
FLUX 1118  6310.00        4.751070E+13   1.9310E-06   1.9453E-06   0.99266
FLUX 1119  6330.00        4.736058E+13   1.9287E-06   1.9332E-06   0.99767
FLUX 1120  6350.00        4.721142E+13   1.9212E-06   1.9213E-06   0.99997
FLUX 1121  6370.00        4.706319E+13   1.9094E-06   1.9095E-06   0.99998
FLUX 1122  6390.00        4.691588E+13   1.8977E-06   1.8978E-06   0.99998
FLUX 1123  6420.00        4.669665E+13   1.8804E-06   1.8804E-06   0.99998
FLUX 1124  6460.00        4.640751E+13   1.8576E-06   1.8576E-06   0.99998
FLUX 1125  6500.00        4.612192E+13   1.8352E-06   1.8352E-06   0.99999
FLUX 1126  6540.00        4.583983E+13   1.8132E-06   1.8132E-06   0.99999
FLUX 1127  6580.00        4.556117E+13   1.7916E-06   1.7916E-06   0.99998
FLUX 1128  6620.00        4.528588E+13   1.7703E-06   1.7704E-06   0.99997
FLUX 1129  6660.00        4.501389E+13   1.7495E-06   1.7495E-06   0.99998
FLUX 1130  6700.00        4.474515E+13   1.7290E-06   1.7290E-06   0.99997
FLUX 1131  6740.00        4.447960E+13   1.7008E-06   1.7089E-06   0.99526
FLUX 1132  6780.00        4.421718E+13   1.6572E-06   1.6891E-06   0.98112
FLUX 1133  6820.00        4.395784E+13   1.6669E-06   1.6697E-06   0.99834
FLUX 1134  6860.00        4.370153E+13   1.6505E-06   1.6506E-06   0.99997
FLUX 1135  6900.00        4.344819E+13   1.6318E-06   1.6318E-06   0.99998
FLUX 1136  6940.00        4.319777E+13   1.6133E-06   1.6133E-06   0.99997
FLUX 1137  6980.00        4.295021E+13   1.5951E-06   1.5952E-06   0.99998
FLUX 1138  7020.00        4.270548E+13   1.5773E-06   1.5773E-06   0.99999
FLUX 1139  7060.00        4.246353E+13   1.5597E-06   1.5597E-06   0.99998
FLUX 1140  7100.00        4.222430E+13   1.5424E-06   1.5425E-06   0.99998
FLUX 1141  7140.00        4.198775E+13   1.5254E-06   1.5255E-06   0.99997
FLUX 1142  7180.00        4.175383E+13   1.5087E-06   1.5088E-06   0.99998
FLUX 1143  7220.00        4.152251E+13   1.4923E-06   1.4923E-06   0.99998
FLUX 1144  7260.00        4.129373E+13   1.4760E-06   1.4762E-06   0.99989
FLUX 1145  7300.00        4.106747E+13   1.4602E-06   1.4602E-06   0.99997
FLUX 1146  7340.00        4.084366E+13   1.4446E-06   1.4446E-06   0.99998
FLUX 1147  7380.00        4.062229E+13   1.4290E-06   1.4292E-06   0.99990
FLUX 1148  7420.00        4.040330E+13   1.4089E-06   1.4140E-06   0.99635
FLUX 1149  7460.00        4.018666E+13   1.3558E-06   1.3991E-06   0.96902
FLUX 1150  7500.00        3.997233E+13   1.3283E-06   1.3845E-06   0.95945
FLUX 1151  7540.00        3.976028E+13   1.3597E-06   1.3700E-06   0.99249
FLUX 1152  7580.00        3.955046E+13   1.3539E-06   1.3558E-06   0.99862
FLUX 1153  7620.00        3.934285E+13   1.3418E-06   1.3418E-06   0.99997
FLUX 1154  7660.00        3.913740E+13   1.3280E-06   1.3280E-06   0.99998
FLUX 1155  7700.00        3.893409E+13   1.3144E-06   1.3145E-06   0.99998
FLUX 1156  7740.00        3.873288E+13   1.3003E-06   1.3011E-06   0.99938
FLUX 1157  7780.00        3.853374E+13   1.2831E-06   1.2879E-06   0.99623
FLUX 1158  7820.00        3.833664E+13   1.2742E-06   1.2750E-06   0.99937
FLUX 1159  7860.00        3.814154E+13   1.2622E-06   1.2622E-06   0.99998
FLUX 1160  7900.00        3.794842E+13   1.2496E-06   1.2496E-06   0.99998
FLUX 1161  7940.00        3.775724E+13   1.2372E-06   1.2372E-06   0.99999
FLUX 1162  7980.00        3.756798E+13   1.2250E-06   1.2250E-06   0.99999
FLUX 1163  8020.00        3.738061E+13   1.2129E-06   1.2129E-06   0.99999
FLUX 1164  8060.00        3.719510E+13   1.2011E-06   1.2011E-06   0.99998
FLUX 1165  8100.00        3.701142E+13   1.1893E-06   1.1894E-06   0.99997
FLUX 1166  8140.00        3.682955E+13   1.1720E-06   1.1779E-06   0.99502
FLUX 1167  8180.00        3.664945E+13   1.1631E-06   1.1665E-06   0.99710
FLUX 1168  8220.00        3.647111E+13   1.1553E-06   1.1553E-06   0.99998
FLUX 1169  8260.00        3.629449E+13   1.1443E-06   1.1443E-06   0.99999
FLUX 1170  8300.00        3.611958E+13   1.1334E-06   1.1334E-06   0.99999
FLUX 1171  8340.00        3.594634E+13   1.1227E-06   1.1227E-06   0.99999
FLUX 1172  8380.00        3.577476E+13   1.1121E-06   1.1121E-06   0.99998
FLUX 1173  8420.00        3.560481E+13   1.1017E-06   1.1017E-06   0.99999
FLUX 1174  8460.00        3.543647E+13   1.0914E-06   1.0914E-06   0.99999
FLUX 1175  8500.00        3.526971E+13   1.0812E-06   1.0812E-06   0.99999
FLUX 1176  8540.00        3.510451E+13   1.0712E-06   1.0712E-06   0.99999
FLUX 1177  8580.00        3.494085E+13   1.0614E-06   1.0614E-06   0.99998
FLUX 1178  8620.00        3.477871E+13   1.0500E-06   1.0517E-06   0.99841
FLUX 1179  8660.00        3.461807E+13   1.0315E-06   1.0421E-06   0.98988
FLUX 1180  8700.00        3.445891E+13   1.0285E-06   1.0326E-06   0.99603
FLUX 1181  8740.00        3.430120E+13   1.0051E-06   1.0233E-06   0.98227
FLUX 1182  8780.00        3.414493E+13   9.9616E-07   1.0140E-06   0.98236
FLUX 1183  8820.00        3.399008E+13   1.0040E-06   1.0049E-06   0.99910
FLUX 1184  8860.00        3.383663E+13   9.9596E-07   9.9598E-07   0.99998
FLUX 1185  8900.00        3.368455E+13   9.8712E-07   9.8713E-07   0.99999
FLUX 1186  8940.00        3.353384E+13   9.7839E-07   9.7840E-07   0.99999
FLUX 1187  8980.00        3.338447E+13   9.6977E-07   9.6978E-07   0.99999
FLUX 1188  9020.00        3.323642E+13   9.6126E-07   9.6127E-07   0.99999
FLUX 1189  9060.00        3.308968E+13   9.5287E-07   9.5288E-07   0.99999
FLUX 1190  9100.00        3.294423E+13   9.4458E-07   9.4459E-07   0.99998
FLUX 1191  9140.00        3.280005E+13   9.3640E-07   9.3641E-07   0.99998
FLUX 1192  9180.00        3.265714E+13   9.2833E-07   9.2834E-07   0.99998
FLUX 1193  9220.00        3.251546E+13   9.2035E-07   9.2037E-07   0.99998
FLUX 1194  9260.00        3.237500E+13   9.1248E-07   9.1250E-07   0.99998
FLUX 1195  9300.00        3.223575E+13   9.0471E-07   9.0473E-07   0.99997
FLUX 1196  9340.00        3.209770E+13   8.9529E-07   8.9706E-07   0.99803
FLUX 1197  9380.00        3.196082E+13   8.7587E-07   8.8949E-07   0.98470
FLUX 1198  9420.00        3.182511E+13   8.7613E-07   8.8201E-07   0.99333
FLUX 1199  9460.00        3.169054E+13   8.7405E-07   8.7462E-07   0.99935
FLUX 1200  9500.00        3.155711E+13   8.6730E-07   8.6732E-07   0.99997
FLUX 1201  9540.00        3.142479E+13   8.6009E-07   8.6012E-07   0.99997
FLUX 1202  9580.00        3.129358E+13   8.5299E-07   8.5300E-07   0.99998
FLUX 1203  9620.00        3.116346E+13   8.4596E-07   8.4597E-07   0.99999
FLUX 1204  9660.00        3.103442E+13   8.3902E-07   8.3903E-07   0.99999
FLUX 1205  9700.00        3.090644E+13   8.3216E-07   8.3217E-07   0.99998
FLUX 1206  9740.00        3.077952E+13   8.2539E-07   8.2540E-07   0.99999
FLUX 1207  9780.00        3.065363E+13   8.1869E-07   8.1870E-07   0.99998
FLUX 1208  9820.00        3.052877E+13   8.1206E-07   8.1209E-07   0.99997
FLUX 1209  9860.00        3.040492E+13   8.0553E-07   8.0555E-07   0.99997
FLUX 1210  9900.00        3.028207E+13   7.9908E-07   7.9910E-07   0.99998
FLUX 1211  9940.00        3.016021E+13   7.9271E-07   7.9272E-07   0.99999
FLUX 1212  9980.00        3.003933E+13   7.8640E-07   7.8641E-07   0.99999
FLUX 1213 10020.00        2.991941E+13   7.8018E-07   7.8018E-07   0.99999
FLUX 1214 20000.00        1.498963E+13   1.9520E-07   1.9521E-07   1.00000
FLUX 1215 40000.00        7.494813E+12   4.7932E-08   4.7932E-08   1.00000
FLUX 1216 60000.00        4.996542E+12   2.1016E-08   2.1016E-08   1.00000
FLUX 1217 80000.00        3.747406E+12   1.1708E-08   1.1708E-08   1.00000
