FLUX    1     9.09        3.298047E+16   1.0000E-50   0.0000E+00   1.00000
FLUX    2     9.35        3.206337E+16   1.0000E-50   0.0000E+00   1.00000
FLUX    3     9.61        3.119589E+16   1.0000E-50   0.0000E+00   1.00000
FLUX    4     9.77        3.068501E+16   1.0000E-50   0.0000E+00   1.00000
FLUX    5     9.96        3.009965E+16   1.0000E-50   0.0000E+00   1.00000
FLUX    6    10.20        2.939142E+16   1.0000E-50   0.0000E+00   1.00000
FLUX    7    10.38        2.888174E+16   1.0000E-50   0.0000E+00   1.00000
FLUX    8    10.56        2.838944E+16   1.0000E-50   0.0000E+00   1.00000
FLUX    9    10.77        2.783589E+16   1.0000E-50   0.0000E+00   1.00000
FLUX   10    11.04        2.715512E+16   1.0000E-50   0.0000E+00   1.00000
FLUX   11    11.40        2.629759E+16   1.0000E-50   0.0000E+00   1.00000
FLUX   12    11.78        2.544928E+16   1.0000E-50   0.0000E+00   1.00000
FLUX   13    12.13        2.471496E+16   1.0000E-50   0.0000E+00   1.00000
FLUX   14    12.48        2.402183E+16   1.0000E-50   0.0000E+00   1.00000
FLUX   15    12.71        2.358714E+16   1.0000E-50   0.0000E+00   1.00000
FLUX   16    12.84        2.334833E+16   1.0000E-50   0.0000E+00   1.00000
FLUX   17    13.05        2.297261E+16   1.0000E-50   0.0000E+00   1.00000
FLUX   18    13.24        2.264294E+16   1.0000E-50   0.0000E+00   1.00000
FLUX   19    13.39        2.238928E+16   1.0000E-50   0.0000E+00   1.00000
FLUX   20    13.66        2.194674E+16   1.0000E-50   0.0000E+00   1.00000
FLUX   21    13.98        2.144438E+16   6.4899E-38   6.5032E-38   0.99796
FLUX   22    14.33        2.092062E+16   5.2995E-37   5.3071E-37   0.99858
FLUX   23    14.72        2.036634E+16   4.2776E-36   4.2810E-36   0.99920
FLUX   24    15.10        1.985381E+16   2.9275E-35   2.9276E-35   0.99997
FLUX   25    15.52        1.931653E+16   2.1971E-34   2.1972E-34   0.99997
FLUX   26    15.88        1.887862E+16   1.1348E-33   1.1349E-33   0.99997
FLUX   27    16.20        1.850571E+16   4.6014E-33   4.6015E-33   0.99997
FLUX   28    16.60        1.805979E+16   2.4576E-32   2.4577E-32   0.99997
FLUX   29    17.03        1.760379E+16   1.3639E-31   1.3654E-31   0.99890
FLUX   30    17.34        1.728907E+16   4.4603E-31   4.4605E-31   0.99997
FLUX   31    17.68        1.695659E+16   1.5597E-30   1.5597E-30   0.99997
FLUX   32    18.02        1.663665E+16   5.2079E-30   5.2080E-30   0.99997
FLUX   33    18.17        1.649931E+16   8.7380E-30   8.7405E-30   0.99972
FLUX   34    18.61        1.610922E+16   3.8104E-29   3.8116E-29   0.99968
FLUX   35    19.10        1.569594E+16   1.8164E-28   1.8165E-28   0.99997
FLUX   36    19.39        1.546119E+16   4.4017E-28   4.4018E-28   0.99997
FLUX   37    19.84        1.511051E+16   1.6553E-27   1.6554E-27   0.99997
FLUX   38    20.18        1.485592E+16   4.3463E-27   4.3464E-27   0.99998
FLUX   39    20.50        1.462402E+16   1.0500E-26   1.0500E-26   0.99997
FLUX   40    21.05        1.424192E+16   4.4788E-26   4.4789E-26   0.99998
FLUX   41    21.62        1.386644E+16   1.8690E-25   1.8690E-25   0.99998
FLUX   42    21.98        1.363933E+16   4.4422E-25   4.4423E-25   0.99998
FLUX   43    22.30        1.344361E+16   9.3569E-25   9.3571E-25   0.99998
FLUX   44    22.68        1.321836E+16   2.2104E-24   2.2105E-24   0.99992
FLUX   45    23.00        1.303446E+16   7.5895E-24   8.7085E-24   0.87151
FLUX   46    23.40        1.281165E+16   2.0039E-23   2.0319E-23   0.98623
FLUX   47    24.00        1.249135E+16   6.8646E-23   6.8810E-23   0.99762
FLUX   48    24.65        1.216197E+16   2.4127E-22   2.4177E-22   0.99793
FLUX   49    25.24        1.187767E+16   7.1646E-22   7.1651E-22   0.99993
FLUX   50    25.68        1.167416E+16   1.5403E-21   1.5608E-21   0.98686
FLUX   51    26.00        1.153048E+16   2.7073E-21   2.7074E-21   0.99998
FLUX   52    26.40        1.135578E+16   5.2864E-21   5.2869E-21   0.99992
FLUX   53    26.85        1.116546E+16   1.0941E-20   1.0942E-20   0.99994
FLUX   54    27.35        1.096133E+16   2.3861E-20   2.3873E-20   0.99949
FLUX   55    27.85        1.076454E+16   5.0789E-20   5.0791E-20   0.99997
FLUX   56    28.40        1.055607E+16   1.1317E-19   1.1318E-19   0.99998
FLUX   57    29.00        1.033767E+16   2.6130E-19   2.6133E-19   0.99985
FLUX   58    29.60        1.012813E+16   5.8229E-19   5.8238E-19   0.99984
FLUX   59    30.10        9.959884E+15   1.1103E-18   1.1108E-18   0.99952
FLUX   60    30.80        9.733523E+15   2.6235E-18   2.6531E-18   0.98884
FLUX   61    31.80        9.427437E+15   8.5765E-18   8.5782E-18   0.99979
FLUX   62    32.80        9.140015E+15   2.5693E-17   2.5833E-17   0.99459
FLUX   63    33.80        8.869601E+15   7.2810E-17   7.2812E-17   0.99997
FLUX   64    34.80        8.614727E+15   1.9344E-16   1.9348E-16   0.99983
FLUX   65    35.70        8.397549E+15   4.4815E-16   4.5078E-16   0.99418
FLUX   66    36.60        8.191052E+15   9.9347E-16   9.9413E-16   0.99934
FLUX   67    37.50        7.994467E+15   2.0995E-15   2.1066E-15   0.99662
FLUX   68    38.50        7.786818E+15   4.6450E-15   4.6558E-15   0.99768
FLUX   69    39.50        7.589684E+15   9.8432E-15   9.8768E-15   0.99659
FLUX   70    40.50        7.402284E+15   2.0118E-14   2.0173E-14   0.99726
FLUX   71    41.40        7.241365E+15   3.7187E-14   3.7236E-14   0.99868
FLUX   72    42.20        7.104088E+15   6.2552E-14   6.2816E-14   0.99581
FLUX   73    43.00        6.971919E+15   1.0304E-13   1.0378E-13   0.99283
FLUX   74    44.10        6.798016E+15   2.0010E-13   2.0081E-13   0.99649
FLUX   75    45.10        6.647284E+15   3.5470E-13   3.5542E-13   0.99797
FLUX   76    46.00        6.517228E+15   5.7970E-13   5.8131E-13   0.99722
FLUX   77    47.00        6.378564E+15   9.7981E-13   9.8166E-13   0.99812
FLUX   78    48.00        6.245677E+15   1.6171E-12   1.6202E-12   0.99806
FLUX   79    49.00        6.118214E+15   2.6167E-12   2.6192E-12   0.99905
FLUX   80    50.00        5.995850E+15   4.1465E-12   4.1477E-12   0.99970
FLUX   81    50.60        5.924753E+15   3.7613E-11   8.1047E-11   0.46409
FLUX   82    51.20        5.855322E+15   1.6868E-10   2.0805E-10   0.81076
FLUX   83    52.00        5.765240E+15   2.2499E-10   2.7038E-10   0.83211
FLUX   84    53.00        5.656462E+15   3.3379E-10   3.7096E-10   0.89979
FLUX   85    54.00        5.551713E+15   4.1535E-10   5.0294E-10   0.82585
FLUX   86    55.00        5.450773E+15   6.4290E-10   6.7446E-10   0.95321
FLUX   87    56.00        5.353438E+15   8.4266E-10   8.9482E-10   0.94171
FLUX   88    57.00        5.259518E+15   1.1500E-09   1.1752E-09   0.97856
FLUX   89    58.00        5.168836E+15   1.2912E-09   1.5683E-09   0.82336
FLUX   90    59.00        5.081229E+15   1.8709E-09   2.0170E-09   0.92757
FLUX   91    60.00        4.996542E+15   2.4687E-09   2.5720E-09   0.95981
FLUX   92    61.00        4.914631E+15   3.2400E-09   3.2531E-09   0.99598
FLUX   93    62.00        4.835363E+15   4.0064E-09   4.0826E-09   0.98134
FLUX   94    63.00        4.758611E+15   5.0244E-09   5.0858E-09   0.98793
FLUX   95    64.00        4.684258E+15   5.9286E-09   6.2929E-09   0.94210
FLUX   96    65.00        4.612192E+15   6.7820E-09   7.7346E-09   0.87684
FLUX   97    65.80        4.556117E+15   8.8858E-09   9.0801E-09   0.97861
FLUX   98    66.50        4.508158E+15   1.0088E-08   1.0414E-08   0.96869
FLUX   99    67.50        4.441370E+15   1.1984E-08   1.2602E-08   0.95093
FLUX  100    68.50        4.376533E+15   1.4324E-08   1.5163E-08   0.94467
FLUX  101    69.50        4.313561E+15   1.7821E-08   1.8143E-08   0.98227
FLUX  102    70.50        4.252376E+15   2.0959E-08   2.1595E-08   0.97056
FLUX  103    71.60        4.187046E+15   2.5270E-08   2.6002E-08   0.97183
FLUX  104    72.60        4.129373E+15   2.9462E-08   3.0630E-08   0.96187
FLUX  105    73.50        4.078810E+15   3.3816E-08   3.5358E-08   0.95639
FLUX  106    74.50        4.024060E+15   4.0304E-08   4.1299E-08   0.97592
FLUX  107    75.50        3.970762E+15   4.7114E-08   4.8031E-08   0.98092
FLUX  108    76.50        3.918856E+15   5.4702E-08   5.5647E-08   0.98302
FLUX  109    77.50        3.868290E+15   6.3510E-08   6.4196E-08   0.98932
FLUX  110    78.50        3.819013E+15   7.3321E-08   7.3774E-08   0.99386
FLUX  111    79.50        3.770975E+15   8.2884E-08   8.4470E-08   0.98123
FLUX  112    80.50        3.724130E+15   9.4309E-08   9.6371E-08   0.97860
FLUX  113    81.50        3.678436E+15   1.0617E-07   1.0957E-07   0.96894
FLUX  114    82.50        3.633848E+15   1.2186E-07   1.2418E-07   0.98132
FLUX  115    83.50        3.590329E+15   1.3340E-07   1.4029E-07   0.95089
FLUX  116    84.50        3.547840E+15   1.5145E-07   1.5801E-07   0.95846
FLUX  117    85.50        3.506345E+15   1.6992E-07   1.7744E-07   0.95759
FLUX  118    86.50        3.465809E+15   1.9163E-07   1.9869E-07   0.96447
FLUX  119    87.50        3.426200E+15   2.1597E-07   2.2186E-07   0.97346
FLUX  120    88.50        3.387486E+15   2.4390E-07   2.4708E-07   0.98711
FLUX  121    89.50        3.349637E+15   2.7080E-07   2.7446E-07   0.98667
FLUX  122    90.50        3.312624E+15   2.8985E-07   3.0411E-07   0.95312
FLUX  123    91.50        3.276421E+15   4.9371E-07   3.9388E-04   0.00125
FLUX  124    92.50        3.241000E+15   1.9230E-06   3.9477E-04   0.00487
FLUX  125    93.50        3.206337E+15   4.9234E-06   3.9379E-04   0.01250
FLUX  126    94.50        3.172407E+15   2.0056E-05   3.9205E-04   0.05116
FLUX  127    95.50        3.139188E+15   5.4426E-05   3.9001E-04   0.13955
FLUX  128    96.50        3.106658E+15   8.0040E-05   3.8760E-04   0.20650
FLUX  129    97.50        3.074795E+15   1.5171E-05   3.8492E-04   0.03941
FLUX  130    98.50        3.043579E+15   1.2750E-04   3.8275E-04   0.33311
FLUX  131    99.50        3.012990E+15   1.3292E-04   3.7992E-04   0.34986
FLUX  132   100.50        2.983010E+15   1.6316E-04   3.7670E-04   0.43312
FLUX  133   101.50        2.953621E+15   1.2990E-04   3.7290E-04   0.34836
FLUX  134   102.50        2.924805E+15   1.7770E-05   3.7330E-04   0.04760
FLUX  135   103.50        2.896546E+15   8.1613E-05   3.7229E-04   0.21922
FLUX  136   104.50        2.868828E+15   2.1320E-04   3.7096E-04   0.57472
FLUX  137   105.50        2.841635E+15   2.2036E-04   3.6967E-04   0.59611
FLUX  138   106.50        2.814953E+15   1.7829E-04   3.6889E-04   0.48332
FLUX  139   107.50        2.788767E+15   2.2391E-04   3.6857E-04   0.60751
FLUX  140   108.50        2.763065E+15   2.0125E-04   3.6840E-04   0.54629
FLUX  141   109.50        2.737831E+15   2.3419E-04   3.6807E-04   0.63626
FLUX  142   110.50        2.713054E+15   2.0806E-04   3.8845E-04   0.53561
FLUX  143   111.50        2.688722E+15   2.0262E-04   3.8755E-04   0.52284
FLUX  144   112.50        2.664822E+15   1.9567E-04   3.8636E-04   0.50643
FLUX  145   113.50        2.641344E+15   2.4566E-04   3.8562E-04   0.63706
FLUX  146   114.50        2.618275E+15   2.1427E-04   3.8409E-04   0.55787
FLUX  147   115.50        2.595606E+15   2.3480E-04   3.8244E-04   0.61395
FLUX  148   116.50        2.573326E+15   2.5099E-04   3.8068E-04   0.65933
FLUX  149   117.50        2.551426E+15   1.9365E-04   3.7910E-04   0.51082
FLUX  150   118.50        2.529895E+15   2.5755E-04   3.7799E-04   0.68138
FLUX  151   119.50        2.508724E+15   1.6855E-04   3.7627E-04   0.44795
FLUX  152   120.50        2.487905E+15   9.7512E-05   3.7455E-04   0.26034
FLUX  153   121.50        2.467428E+15   2.6086E-05   3.7283E-04   0.06997
FLUX  154   122.50        2.447286E+15   1.1438E-04   3.7195E-04   0.30752
FLUX  155   123.50        2.427470E+15   2.4527E-04   3.7026E-04   0.66243
FLUX  156   124.50        2.407972E+15   2.7448E-04   3.7052E-04   0.74079
FLUX  157   125.50        2.388785E+15   2.7390E-04   3.6952E-04   0.74123
FLUX  158   126.50        2.369901E+15   2.4968E-04   3.6815E-04   0.67820
FLUX  159   127.50        2.351314E+15   2.7872E-04   3.6662E-04   0.76024
FLUX  160   128.50        2.333016E+15   2.9535E-04   3.6507E-04   0.80902
FLUX  161   129.50        2.315000E+15   2.0165E-04   3.6348E-04   0.55478
FLUX  162   130.50        2.297261E+15   1.8278E-04   3.6190E-04   0.50507
FLUX  163   131.50        2.279791E+15   2.8760E-04   3.6032E-04   0.79820
FLUX  164   132.50        2.262585E+15   2.7569E-04   3.5878E-04   0.76842
FLUX  165   133.50        2.245637E+15   2.4635E-04   3.5725E-04   0.68956
FLUX  166   134.50        2.228941E+15   2.8887E-04   3.5574E-04   0.81202
FLUX  167   135.50        2.212491E+15   2.8213E-04   3.5422E-04   0.79648
FLUX  168   136.50        2.196282E+15   2.5638E-04   3.5272E-04   0.72686
FLUX  169   137.50        2.180309E+15   2.6490E-04   3.5124E-04   0.75418
FLUX  170   138.50        2.164567E+15   2.7313E-04   3.4976E-04   0.78091
FLUX  171   139.50        2.149050E+15   2.4671E-04   3.4830E-04   0.70831
FLUX  172   140.50        2.133754E+15   2.6115E-04   3.4685E-04   0.75291
FLUX  173   141.50        2.118675E+15   2.5708E-04   3.4541E-04   0.74426
FLUX  174   142.50        2.103807E+15   2.6708E-04   3.4402E-04   0.77633
FLUX  175   143.50        2.089146E+15   2.6891E-04   3.4261E-04   0.78488
FLUX  176   144.20        2.079005E+15   2.8348E-04   3.4162E-04   0.82980
FLUX  177   144.70        2.071821E+15   2.8178E-04   3.4113E-04   0.82602
FLUX  178   145.50        2.060430E+15   2.7782E-04   3.4001E-04   0.81710
FLUX  179   146.50        2.046365E+15   2.6355E-04   3.3863E-04   0.77828
FLUX  180   147.50        2.032492E+15   2.6388E-04   3.3726E-04   0.78245
FLUX  181   148.50        2.018805E+15   2.6082E-04   3.3589E-04   0.77650
FLUX  182   149.50        2.005301E+15   2.6584E-04   3.3454E-04   0.79464
FLUX  183   150.50        1.991977E+15   2.5018E-04   3.3320E-04   0.75084
FLUX  184   151.20        1.982755E+15   2.2911E-04   3.3227E-04   0.68954
FLUX  185   151.70        1.976220E+15   2.4287E-04   3.3160E-04   0.73242
FLUX  186   152.50        1.965852E+15   2.4817E-04   3.3055E-04   0.75077
FLUX  187   153.50        1.953046E+15   2.2668E-04   3.2924E-04   0.68848
FLUX  188   154.50        1.940405E+15   2.3717E-04   3.2794E-04   0.72321
FLUX  189   155.50        1.927926E+15   2.2644E-04   3.2664E-04   0.69324
FLUX  190   156.50        1.915607E+15   2.3183E-04   3.2536E-04   0.71254
FLUX  191   157.50        1.903444E+15   2.4694E-04   3.2408E-04   0.76197
FLUX  192   158.50        1.891435E+15   2.5154E-04   3.2282E-04   0.77920
FLUX  193   159.50        1.879577E+15   2.5744E-04   3.2156E-04   0.80060
FLUX  194   160.50        1.867866E+15   2.5374E-04   3.2032E-04   0.79214
FLUX  195   161.50        1.856300E+15   2.5662E-04   3.1908E-04   0.80425
FLUX  196   162.50        1.844877E+15   2.4815E-04   3.1785E-04   0.78073
FLUX  197   163.50        1.833593E+15   2.6142E-04   3.1662E-04   0.82564
FLUX  198   164.50        1.822447E+15   2.6265E-04   3.1541E-04   0.83274
FLUX  199   165.50        1.811435E+15   2.4785E-04   3.1420E-04   0.78882
FLUX  200   166.50        1.800556E+15   2.7035E-04   3.1302E-04   0.86368
FLUX  201   167.20        1.793017E+15   2.6050E-04   3.1219E-04   0.83443
FLUX  202   167.70        1.787671E+15   2.6729E-04   3.1160E-04   0.85780
FLUX  203   168.50        1.779184E+15   2.7413E-04   3.1067E-04   0.88237
FLUX  204   169.50        1.768687E+15   2.6306E-04   3.0951E-04   0.84992
FLUX  205   170.50        1.758314E+15   2.5272E-04   3.0836E-04   0.81956
FLUX  206   171.50        1.748061E+15   2.4122E-04   3.0722E-04   0.78517
FLUX  207   172.50        1.737928E+15   2.4056E-04   3.0609E-04   0.78592
FLUX  208   173.50        1.727911E+15   2.5460E-04   3.0496E-04   0.83488
FLUX  209   174.50        1.718009E+15   2.4774E-04   3.0384E-04   0.81535
FLUX  210   175.50        1.708219E+15   2.5956E-04   3.0273E-04   0.85739
FLUX  211   176.50        1.698541E+15   2.4231E-04   3.0162E-04   0.80337
FLUX  212   177.50        1.688972E+15   2.4786E-04   3.0052E-04   0.82478
FLUX  213   178.50        1.679510E+15   2.5257E-04   2.9942E-04   0.84351
FLUX  214   179.50        1.670153E+15   2.6427E-04   2.9833E-04   0.88582
FLUX  215   180.50        1.660900E+15   2.6579E-04   2.9725E-04   0.89416
FLUX  216   181.50        1.651749E+15   2.4629E-04   2.9618E-04   0.83153
FLUX  217   182.50        1.642699E+15   2.5662E-04   2.9512E-04   0.86954
FLUX  218   183.50        1.633747E+15   2.4726E-04   2.9408E-04   0.84078
FLUX  219   184.50        1.624892E+15   2.3173E-04   2.9305E-04   0.79075
FLUX  220   185.50        1.616132E+15   2.2677E-04   2.9202E-04   0.77655
FLUX  221   186.50        1.607466E+15   2.3343E-04   2.9101E-04   0.80214
FLUX  222   187.50        1.598893E+15   2.5435E-04   2.9000E-04   0.87708
FLUX  223   188.50        1.590411E+15   2.3321E-04   2.8900E-04   0.80695
FLUX  224   189.50        1.582018E+15   2.2200E-04   2.8801E-04   0.77082
FLUX  225   190.50        1.573714E+15   2.4086E-04   2.8702E-04   0.83917
FLUX  226   191.50        1.565496E+15   2.2930E-04   2.8612E-04   0.80139
FLUX  227   192.50        1.557364E+15   2.2562E-04   2.8515E-04   0.79124
FLUX  228   193.50        1.549315E+15   2.3586E-04   2.8418E-04   0.82999
FLUX  229   194.50        1.541350E+15   2.4169E-04   2.8321E-04   0.85338
FLUX  230   195.50        1.533465E+15   2.2605E-04   2.8225E-04   0.80087
FLUX  231   196.70        1.524110E+15   2.4614E-04   2.8115E-04   0.87549
FLUX  232   197.60        1.517169E+15   2.5664E-04   2.8033E-04   0.91552
FLUX  233   198.40        1.511051E+15   2.4082E-04   2.7962E-04   0.86124
FLUX  234   199.50        1.502719E+15   2.3665E-04   2.7862E-04   0.84936
FLUX  235   200.50        1.495224E+15   2.4522E-04   2.7772E-04   0.88297
FLUX  236   201.50        1.487804E+15   2.3821E-04   2.7682E-04   0.86051
FLUX  237   202.50        1.480457E+15   2.5463E-04   2.7593E-04   0.92280
FLUX  238   203.50        1.473182E+15   2.3831E-04   2.7505E-04   0.86641
FLUX  239   204.50        1.465978E+15   2.4334E-04   2.7417E-04   0.88754
FLUX  240   205.50        1.458844E+15   2.3598E-04   2.7329E-04   0.86345
FLUX  241   206.50        1.451780E+15   2.4223E-04   2.7242E-04   0.88917
FLUX  242   207.40        1.445480E+15   2.5245E-04   2.7164E-04   0.92935
FLUX  243   207.80        1.442697E+15   2.3751E-04   2.7130E-04   0.87545
FLUX  244   208.50        1.437854E+15   2.4696E-04   2.7069E-04   0.91233
FLUX  245   209.50        1.430990E+15   2.3544E-04   2.6984E-04   0.87252
FLUX  246   210.50        1.424192E+15   2.4247E-04   2.6898E-04   0.90142
FLUX  247   211.50        1.417459E+15   2.4367E-04   2.6814E-04   0.90876
FLUX  248   212.50        1.410788E+15   2.4959E-04   2.6729E-04   0.93375
FLUX  249   213.50        1.404180E+15   2.4238E-04   2.6645E-04   0.90963
FLUX  250   214.50        1.397634E+15   2.3910E-04   2.6562E-04   0.90014
FLUX  251   215.50        1.391148E+15   2.4806E-04   2.6479E-04   0.93683
FLUX  252   216.50        1.384723E+15   2.4457E-04   2.6397E-04   0.92650
FLUX  253   217.50        1.378356E+15   2.4375E-04   2.6315E-04   0.92628
FLUX  254   218.50        1.372048E+15   2.3951E-04   2.6234E-04   0.91299
FLUX  255   219.50        1.365797E+15   2.4574E-04   2.6153E-04   0.93963
FLUX  256   220.50        1.359603E+15   2.4179E-04   2.6072E-04   0.92739
FLUX  257   221.50        1.353465E+15   2.3793E-04   2.5992E-04   0.91536
FLUX  258   222.50        1.347382E+15   2.3123E-04   2.5913E-04   0.89232
FLUX  259   223.50        1.341353E+15   2.4019E-04   2.5834E-04   0.92974
FLUX  260   224.50        1.335379E+15   2.3766E-04   2.5755E-04   0.92274
FLUX  261   225.50        1.329457E+15   2.3105E-04   2.5677E-04   0.89981
FLUX  262   226.50        1.323587E+15   2.3725E-04   2.5600E-04   0.92679
FLUX  263   227.50        1.317769E+15   2.3927E-04   2.5522E-04   0.93750
FLUX  264   228.50        1.312002E+15   2.4198E-04   2.5445E-04   0.95100
FLUX  265   229.50        1.306285E+15   2.3458E-04   2.5369E-04   0.92469
FLUX  266   230.50        1.300618E+15   2.3369E-04   2.5292E-04   0.92394
FLUX  267   231.50        1.295000E+15   2.2859E-04   2.5217E-04   0.90649
FLUX  268   232.50        1.289430E+15   2.2806E-04   2.5141E-04   0.90710
FLUX  269   233.50        1.283908E+15   2.2083E-04   2.5066E-04   0.88096
FLUX  270   234.50        1.278433E+15   2.1852E-04   2.4992E-04   0.87436
FLUX  271   235.50        1.273004E+15   2.2345E-04   2.4918E-04   0.89673
FLUX  272   236.50        1.267622E+15   2.1792E-04   2.4844E-04   0.87714
FLUX  273   237.50        1.262284E+15   2.2084E-04   2.4771E-04   0.89154
FLUX  274   238.50        1.256992E+15   2.1491E-04   2.4698E-04   0.87015
FLUX  275   239.50        1.251743E+15   2.2366E-04   2.4625E-04   0.90828
FLUX  276   240.50        1.246538E+15   2.1657E-04   2.4553E-04   0.88205
FLUX  277   241.50        1.241377E+15   2.1948E-04   2.4481E-04   0.89651
FLUX  278   242.50        1.236258E+15   2.2306E-04   2.4410E-04   0.91379
FLUX  279   243.50        1.231181E+15   2.1558E-04   2.4339E-04   0.88574
FLUX  280   244.50        1.226145E+15   2.2183E-04   2.4268E-04   0.91409
FLUX  281   245.50        1.221151E+15   2.2122E-04   2.4198E-04   0.91419
FLUX  282   246.50        1.216197E+15   2.1924E-04   2.4128E-04   0.90863
FLUX  283   247.50        1.211283E+15   2.1633E-04   2.4059E-04   0.89917
FLUX  284   248.50        1.206408E+15   2.2270E-04   2.3990E-04   0.92831
FLUX  285   249.50        1.201573E+15   2.1693E-04   2.3921E-04   0.90683
FLUX  286   250.50        1.196776E+15   2.2328E-04   2.3853E-04   0.93607
FLUX  287   251.30        1.192967E+15   2.1415E-04   2.3799E-04   0.89984
FLUX  288   251.80        1.190598E+15   2.2115E-04   2.3765E-04   0.93057
FLUX  289   252.50        1.187297E+15   2.1388E-04   2.3718E-04   0.90177
FLUX  290   253.50        1.182613E+15   2.1373E-04   2.3651E-04   0.90369
FLUX  291   254.50        1.177967E+15   2.1050E-04   2.3585E-04   0.89252
FLUX  292   255.50        1.173356E+15   2.1725E-04   2.3519E-04   0.92371
FLUX  293   256.50        1.168782E+15   2.1577E-04   2.3454E-04   0.91995
FLUX  294   257.50        1.164243E+15   2.2115E-04   2.3389E-04   0.94555
FLUX  295   258.50        1.159739E+15   2.2206E-04   2.3324E-04   0.95209
FLUX  296   259.50        1.155270E+15   2.2222E-04   2.3259E-04   0.95539
FLUX  297   260.50        1.150835E+15   2.1942E-04   2.3365E-04   0.93910
FLUX  298   261.50        1.146434E+15   2.1933E-04   2.3298E-04   0.94139
FLUX  299   262.50        1.142067E+15   2.1926E-04   2.3232E-04   0.94381
FLUX  300   263.50        1.137732E+15   2.2009E-04   2.3166E-04   0.95007
FLUX  301   264.50        1.133431E+15   2.2508E-04   2.3100E-04   0.97436
FLUX  302   265.50        1.129162E+15   2.2455E-04   2.3034E-04   0.97484
FLUX  303   266.50        1.124925E+15   2.1907E-04   2.2969E-04   0.95374
FLUX  304   267.50        1.120720E+15   2.2258E-04   2.2905E-04   0.97178
FLUX  305   268.50        1.116546E+15   2.2203E-04   2.2841E-04   0.97211
FLUX  306   269.50        1.112403E+15   2.1875E-04   2.2777E-04   0.96043
FLUX  307   270.50        1.108290E+15   2.1994E-04   2.2713E-04   0.96833
FLUX  308   271.50        1.104208E+15   2.1733E-04   2.2650E-04   0.95954
FLUX  309   272.50        1.100156E+15   2.1571E-04   2.2587E-04   0.95500
FLUX  310   273.50        1.096133E+15   2.1994E-04   2.2524E-04   0.97647
FLUX  311   274.50        1.092140E+15   2.1099E-04   2.2462E-04   0.93932
FLUX  312   275.50        1.088176E+15   2.1165E-04   2.2400E-04   0.94489
FLUX  313   276.50        1.084241E+15   2.1352E-04   2.2338E-04   0.95583
FLUX  314   277.50        1.080333E+15   2.1752E-04   2.2277E-04   0.97643
FLUX  315   278.50        1.076454E+15   2.1679E-04   2.2216E-04   0.97582
FLUX  316   279.50        1.072603E+15   2.0849E-04   2.2155E-04   0.94103
FLUX  317   280.50        1.068779E+15   2.1447E-04   2.2095E-04   0.97069
FLUX  318   281.50        1.064982E+15   2.1696E-04   2.2034E-04   0.98465
FLUX  319   282.50        1.061212E+15   2.1457E-04   2.1974E-04   0.97646
FLUX  320   283.50        1.057469E+15   2.0836E-04   2.1915E-04   0.95078
FLUX  321   284.50        1.053752E+15   2.0931E-04   2.1855E-04   0.95770
FLUX  322   285.50        1.050061E+15   2.1104E-04   2.1796E-04   0.96823
FLUX  323   286.50        1.046396E+15   2.1417E-04   2.1737E-04   0.98526
FLUX  324   287.50        1.042757E+15   2.1193E-04   2.1679E-04   0.97760
FLUX  325   288.50        1.039142E+15   2.1228E-04   2.1621E-04   0.98186
FLUX  326   289.50        1.035553E+15   2.1220E-04   2.1563E-04   0.98408
FLUX  327   291.00        1.030215E+15   2.1265E-04   2.1476E-04   0.99015
FLUX  328   293.00        1.023183E+15   2.1021E-04   2.1362E-04   0.98405
FLUX  329   295.00        1.016246E+15   2.0804E-04   2.1249E-04   0.97909
FLUX  330   297.00        1.009402E+15   2.0887E-04   2.1136E-04   0.98819
FLUX  331   299.00        1.002651E+15   2.0709E-04   2.1025E-04   0.98497
FLUX  332   301.00        9.959884E+14   2.0737E-04   2.0915E-04   0.99150
FLUX  333   303.00        9.894142E+14   2.0747E-04   2.0805E-04   0.99720
FLUX  334   305.00        9.829262E+14   2.0594E-04   2.0697E-04   0.99505
FLUX  335   307.00        9.765228E+14   2.0478E-04   2.0589E-04   0.99460
FLUX  336   309.00        9.702023E+14   2.0380E-04   2.0483E-04   0.99500
FLUX  337   311.00        9.639630E+14   2.0249E-04   2.0377E-04   0.99371
FLUX  338   313.00        9.578035E+14   2.0199E-04   2.0290E-04   0.99552
FLUX  339   315.00        9.517222E+14   2.0092E-04   2.0186E-04   0.99536
FLUX  340   317.00        9.457177E+14   1.9961E-04   2.0083E-04   0.99392
FLUX  341   319.00        9.397884E+14   1.9643E-04   1.9981E-04   0.98310
FLUX  342   321.00        9.339330E+14   1.9748E-04   1.9880E-04   0.99339
FLUX  343   323.00        9.281502E+14   1.9679E-04   1.9779E-04   0.99495
FLUX  344   325.00        9.224385E+14   1.9596E-04   1.9680E-04   0.99573
FLUX  345   327.00        9.167966E+14   1.9527E-04   1.9581E-04   0.99722
FLUX  346   329.00        9.112234E+14   1.9423E-04   1.9483E-04   0.99692
FLUX  347   331.00        9.057175E+14   1.9368E-04   1.9386E-04   0.99907
FLUX  348   333.00        9.002778E+14   1.9257E-04   1.9289E-04   0.99835
FLUX  349   335.00        8.949030E+14   1.9121E-04   1.9193E-04   0.99624
FLUX  350   337.00        8.895920E+14   1.9055E-04   1.9098E-04   0.99773
FLUX  351   339.00        8.843437E+14   1.8969E-04   1.9004E-04   0.99818
FLUX  352   341.00        8.791569E+14   1.8890E-04   1.8910E-04   0.99896
FLUX  353   343.00        8.740306E+14   1.8746E-04   1.8898E-04   0.99197
FLUX  354   345.00        8.689638E+14   1.8613E-04   1.8804E-04   0.98986
FLUX  355   347.00        8.639553E+14   1.8551E-04   1.8710E-04   0.99150
FLUX  356   349.00        8.590043E+14   1.8465E-04   1.8618E-04   0.99182
FLUX  357   351.00        8.541097E+14   1.8402E-04   1.8526E-04   0.99335
FLUX  358   353.00        8.492705E+14   1.8347E-04   1.8434E-04   0.99528
FLUX  359   355.00        8.444859E+14   1.8261E-04   1.8344E-04   0.99547
FLUX  360   357.00        8.397549E+14   1.8237E-04   1.8254E-04   0.99904
FLUX  361   359.00        8.350766E+14   1.8036E-04   1.8165E-04   0.99291
FLUX  362   361.00        8.304501E+14   1.7988E-04   1.8077E-04   0.99509
FLUX  363   363.00        8.258747E+14   1.7893E-04   1.7989E-04   0.99464
FLUX  364   364.00        8.236058E+14   1.7944E-04   1.7946E-04   0.99990
FLUX  365   365.00        8.213493E+14   1.7833E-04   2.8126E-04   0.63402
FLUX  366   367.00        8.168733E+14   1.7819E-04   2.7918E-04   0.63825
FLUX  367   369.00        8.124458E+14   1.7676E-04   2.8068E-04   0.62977
FLUX  368   371.00        8.080660E+14   1.7277E-04   2.7861E-04   0.62011
FLUX  369   373.00        8.037332E+14   1.6700E-04   2.7657E-04   0.60382
FLUX  370   375.00        7.994467E+14   1.7846E-04   2.7454E-04   0.65002
FLUX  371   377.00        7.952056E+14   1.8188E-04   2.7254E-04   0.66734
FLUX  372   379.00        7.910092E+14   2.0005E-04   2.7056E-04   0.73939
FLUX  373   381.00        7.868570E+14   2.1552E-04   2.6861E-04   0.80235
FLUX  374   383.00        7.827480E+14   1.8520E-04   2.6667E-04   0.69449
FLUX  375   385.00        7.786818E+14   2.3022E-04   2.6476E-04   0.86956
FLUX  376   387.00        7.746576E+14   2.4147E-04   2.6287E-04   0.91862
FLUX  377   389.00        7.706748E+14   1.7806E-04   2.6099E-04   0.68223
FLUX  378   391.00        7.667327E+14   2.4515E-04   2.5914E-04   0.94600
FLUX  379   393.00        7.628308E+14   2.4526E-04   2.5731E-04   0.95318
FLUX  380   395.00        7.589684E+14   2.4290E-04   2.5550E-04   0.95069
FLUX  381   397.00        7.551448E+14   1.7367E-04   2.5371E-04   0.68451
FLUX  382   399.00        7.513596E+14   2.3603E-04   2.5194E-04   0.93684
FLUX  383   401.00        7.476122E+14   2.4334E-04   2.5019E-04   0.97265
FLUX  384   403.00        7.439020E+14   2.2889E-04   2.4845E-04   0.92124
FLUX  385   405.00        7.402284E+14   2.4393E-04   2.4674E-04   0.98861
FLUX  386   407.00        7.365909E+14   2.3834E-04   2.4504E-04   0.97267
FLUX  387   409.00        7.329890E+14   2.1166E-04   2.4336E-04   0.86973
FLUX  388   411.00        7.294221E+14   1.8088E-04   2.4170E-04   0.74837
FLUX  389   413.00        7.258898E+14   2.2879E-04   2.4005E-04   0.95308
FLUX  390   415.00        7.223916E+14   2.3228E-04   2.3843E-04   0.97423
FLUX  391   417.00        7.189269E+14   2.3356E-04   2.3682E-04   0.98624
FLUX  392   419.00        7.154952E+14   2.3383E-04   2.3522E-04   0.99408
FLUX  393   421.00        7.120962E+14   2.3299E-04   2.3365E-04   0.99720
FLUX  394   423.00        7.087293E+14   2.3101E-04   2.3209E-04   0.99537
FLUX  395   425.00        7.053941E+14   2.2901E-04   2.3054E-04   0.99337
FLUX  396   427.00        7.020902E+14   2.2428E-04   2.2901E-04   0.97933
FLUX  397   429.00        6.988170E+14   2.2516E-04   2.2750E-04   0.98970
FLUX  398   431.00        6.955742E+14   2.2081E-04   2.2600E-04   0.97704
FLUX  399   433.00        6.923614E+14   1.9089E-04   2.2452E-04   0.85023
FLUX  400   435.00        6.891782E+14   1.7314E-04   2.2305E-04   0.77624
FLUX  401   437.00        6.860240E+14   2.1485E-04   2.2160E-04   0.96954
FLUX  402   439.00        6.828986E+14   2.1042E-04   2.2016E-04   0.95578
FLUX  403   441.00        6.798016E+14   2.1670E-04   2.1873E-04   0.99072
FLUX  404   443.00        6.767325E+14   2.1467E-04   2.1732E-04   0.98779
FLUX  405   445.00        6.736910E+14   2.1498E-04   2.1592E-04   0.99564
FLUX  406   447.00        6.706767E+14   2.0193E-04   2.1454E-04   0.94123
FLUX  407   449.00        6.676893E+14   2.1006E-04   2.1317E-04   0.98541
FLUX  408   451.00        6.647284E+14   2.1139E-04   2.1182E-04   0.99800
FLUX  409   453.00        6.617936E+14   2.0932E-04   2.1048E-04   0.99450
FLUX  410   455.00        6.588846E+14   2.0819E-04   2.0915E-04   0.99544
FLUX  411   457.00        6.560011E+14   2.0723E-04   2.0783E-04   0.99711
FLUX  412   459.00        6.531427E+14   2.0593E-04   2.0653E-04   0.99710
FLUX  413   461.00        6.503091E+14   2.0439E-04   2.0524E-04   0.99584
FLUX  414   463.00        6.475000E+14   2.0254E-04   2.0396E-04   0.99304
FLUX  415   465.00        6.447151E+14   2.0133E-04   2.0270E-04   0.99326
FLUX  416   467.00        6.419540E+14   2.0070E-04   2.0144E-04   0.99630
FLUX  417   469.00        6.392164E+14   1.9986E-04   2.0020E-04   0.99831
FLUX  418   471.00        6.365021E+14   1.9444E-04   1.9897E-04   0.97724
FLUX  419   473.00        6.338108E+14   1.9590E-04   1.9775E-04   0.99067
FLUX  420   475.00        6.311421E+14   1.9456E-04   1.9654E-04   0.98994
FLUX  421   477.00        6.284958E+14   1.9522E-04   1.9534E-04   0.99939
FLUX  422   479.00        6.258716E+14   1.9331E-04   1.9415E-04   0.99565
FLUX  423   481.00        6.232692E+14   1.9078E-04   1.9298E-04   0.98859
FLUX  424   483.00        6.206884E+14   1.8763E-04   1.9181E-04   0.97818
FLUX  425   485.00        6.181289E+14   1.6677E-04   1.9066E-04   0.87472
FLUX  426   487.00        6.155903E+14   1.4728E-04   1.8952E-04   0.77715
FLUX  427   489.00        6.130726E+14   1.8318E-04   1.8838E-04   0.97238
FLUX  428   491.00        6.105754E+14   1.8511E-04   1.8726E-04   0.98852
FLUX  429   493.00        6.080984E+14   1.7951E-04   1.8615E-04   0.96433
FLUX  430   495.00        6.056414E+14   1.8445E-04   1.8505E-04   0.99674
FLUX  431   497.00        6.032042E+14   1.8379E-04   1.8396E-04   0.99910
FLUX  432   499.00        6.007866E+14   1.8243E-04   1.8288E-04   0.99755
FLUX  433   501.00        5.983882E+14   1.7721E-04   1.8180E-04   0.97471
FLUX  434   503.00        5.960089E+14   1.7966E-04   1.8074E-04   0.99400
FLUX  435   505.00        5.936485E+14   1.7607E-04   1.7969E-04   0.97983
FLUX  436   507.00        5.913067E+14   1.7817E-04   1.7865E-04   0.99733
FLUX  437   509.00        5.889833E+14   1.7702E-04   1.7761E-04   0.99664
FLUX  438   511.00        5.866781E+14   1.7560E-04   1.7659E-04   0.99439
FLUX  439   513.00        5.843908E+14   1.7430E-04   1.7557E-04   0.99276
FLUX  440   515.00        5.821214E+14   1.7307E-04   1.7456E-04   0.99144
FLUX  441   517.00        5.798694E+14   1.7293E-04   1.7357E-04   0.99635
FLUX  442   519.00        5.776349E+14   1.7198E-04   1.7258E-04   0.99653
FLUX  443   521.00        5.754175E+14   1.6950E-04   1.7160E-04   0.98776
FLUX  444   523.00        5.732170E+14   1.6999E-04   1.7062E-04   0.99630
FLUX  445   525.00        5.710333E+14   1.6916E-04   1.6966E-04   0.99704
FLUX  446   527.00        5.688662E+14   1.6797E-04   1.6871E-04   0.99565
FLUX  447   529.00        5.667155E+14   1.6751E-04   1.6776E-04   0.99852
FLUX  448   531.00        5.645810E+14   1.6638E-04   1.6682E-04   0.99734
FLUX  449   533.00        5.624625E+14   1.6532E-04   1.6589E-04   0.99652
FLUX  450   535.00        5.603598E+14   1.6401E-04   1.6497E-04   0.99417
FLUX  451   537.00        5.582728E+14   1.6380E-04   1.6406E-04   0.99845
FLUX  452   539.00        5.562013E+14   1.6287E-04   1.6315E-04   0.99829
FLUX  453   541.00        5.541451E+14   1.6183E-04   1.6225E-04   0.99739
FLUX  454   543.00        5.521041E+14   1.6049E-04   1.6136E-04   0.99463
FLUX  455   545.00        5.500780E+14   1.5987E-04   1.6047E-04   0.99621
FLUX  456   547.00        5.480667E+14   1.5887E-04   1.5960E-04   0.99545
FLUX  457   549.00        5.460701E+14   1.5843E-04   1.5873E-04   0.99811
FLUX  458   551.00        5.440880E+14   1.5743E-04   1.5786E-04   0.99722
FLUX  459   553.00        5.421203E+14   1.5665E-04   1.5701E-04   0.99772
FLUX  460   555.00        5.401667E+14   1.5591E-04   1.5616E-04   0.99840
FLUX  461   557.00        5.382271E+14   1.5499E-04   1.5532E-04   0.99788
FLUX  462   559.00        5.363014E+14   1.5423E-04   1.5448E-04   0.99837
FLUX  463   561.00        5.343895E+14   1.5324E-04   1.5366E-04   0.99729
FLUX  464   563.00        5.324911E+14   1.5278E-04   1.5284E-04   0.99964
FLUX  465   565.00        5.306062E+14   1.5077E-04   1.5202E-04   0.99178
FLUX  466   567.00        5.287346E+14   1.5018E-04   1.5122E-04   0.99313
FLUX  467   569.00        5.268761E+14   1.4985E-04   1.5042E-04   0.99626
FLUX  468   571.00        5.250306E+14   1.4942E-04   1.4962E-04   0.99869
FLUX  469   573.00        5.231981E+14   1.4868E-04   1.4883E-04   0.99899
FLUX  470   575.00        5.213783E+14   1.4788E-04   1.4805E-04   0.99883
FLUX  471   577.00        5.195711E+14   1.4719E-04   1.4728E-04   0.99943
FLUX  472   579.00        5.177763E+14   1.4638E-04   1.4651E-04   0.99913
FLUX  473   581.00        5.159940E+14   1.4558E-04   1.4574E-04   0.99886
FLUX  474   583.00        5.142238E+14   1.4482E-04   1.4499E-04   0.99883
FLUX  475   585.00        5.124658E+14   1.4410E-04   1.4424E-04   0.99905
FLUX  476   587.00        5.107198E+14   1.3878E-04   1.4349E-04   0.96717
FLUX  477   589.00        5.089856E+14   1.4172E-04   1.4275E-04   0.99273
FLUX  478   591.00        5.072631E+14   1.4182E-04   1.4202E-04   0.99856
FLUX  479   593.00        5.055523E+14   1.4117E-04   1.4129E-04   0.99912
FLUX  480   595.00        5.038529E+14   1.3997E-04   1.4057E-04   0.99571
FLUX  481   597.00        5.021650E+14   1.3972E-04   1.3986E-04   0.99902
FLUX  482   599.00        5.004883E+14   1.3877E-04   1.3915E-04   0.99730
FLUX  483   601.00        4.988228E+14   1.3840E-04   1.3844E-04   0.99970
FLUX  484   603.00        4.971683E+14   1.3765E-04   1.3774E-04   0.99934
FLUX  485   605.00        4.955248E+14   1.3699E-04   1.3705E-04   0.99958
FLUX  486   607.00        4.938921E+14   1.3628E-04   1.3636E-04   0.99943
FLUX  487   609.00        4.922701E+14   1.3554E-04   1.3568E-04   0.99897
FLUX  488   611.00        4.906588E+14   1.3497E-04   1.3500E-04   0.99973
FLUX  489   613.00        4.890579E+14   1.3431E-04   1.3433E-04   0.99982
FLUX  490   615.00        4.874675E+14   1.3312E-04   1.3366E-04   0.99591
FLUX  491   617.00        4.858874E+14   1.3289E-04   1.3300E-04   0.99917
FLUX  492   619.00        4.843174E+14   1.3231E-04   1.3235E-04   0.99974
FLUX  493   621.00        4.827576E+14   1.3165E-04   1.3169E-04   0.99965
FLUX  494   623.00        4.812079E+14   1.3093E-04   1.3105E-04   0.99914
FLUX  495   625.00        4.796680E+14   1.3000E-04   1.3040E-04   0.99691
FLUX  496   627.00        4.781380E+14   1.2966E-04   1.2977E-04   0.99917
FLUX  497   629.00        4.766176E+14   1.2901E-04   1.2913E-04   0.99906
FLUX  498   631.00        4.751070E+14   1.2825E-04   1.2851E-04   0.99798
FLUX  499   633.00        4.736058E+14   1.2780E-04   1.2788E-04   0.99934
FLUX  500   635.00        4.721142E+14   1.2639E-04   1.2726E-04   0.99316
FLUX  501   637.00        4.706319E+14   1.2606E-04   1.2665E-04   0.99539
FLUX  502   639.00        4.691588E+14   1.2587E-04   1.2604E-04   0.99865
FLUX  503   641.00        4.676950E+14   1.2519E-04   1.2543E-04   0.99808
FLUX  504   643.00        4.662403E+14   1.2480E-04   1.2483E-04   0.99976
FLUX  505   645.00        4.647946E+14   1.2410E-04   1.2424E-04   0.99889
FLUX  506   647.00        4.633578E+14   1.2344E-04   1.2364E-04   0.99832
FLUX  507   649.00        4.619299E+14   1.2275E-04   1.2306E-04   0.99751
FLUX  508   651.00        4.605108E+14   1.2178E-04   1.2247E-04   0.99430
FLUX  509   653.00        4.591003E+14   1.2032E-04   1.2189E-04   0.98706
FLUX  510   655.00        4.576985E+14   1.1260E-04   1.2132E-04   0.92813
FLUX  511   657.00        4.563052E+14   9.8693E-05   1.2075E-04   0.81735
FLUX  512   659.00        4.549203E+14   1.1673E-04   1.2018E-04   0.97133
FLUX  513   661.00        4.535439E+14   1.1880E-04   1.1962E-04   0.99316
FLUX  514   663.00        4.521757E+14   1.1870E-04   1.1906E-04   0.99700
FLUX  515   665.00        4.508158E+14   1.1845E-04   1.1856E-04   0.99905
FLUX  516   667.00        4.494640E+14   1.1668E-04   1.1801E-04   0.98876
FLUX  517   669.00        4.481203E+14   1.1623E-04   1.1746E-04   0.98950
FLUX  518   671.00        4.467846E+14   1.1682E-04   1.1692E-04   0.99913
FLUX  519   673.00        4.454569E+14   1.1629E-04   1.1638E-04   0.99926
FLUX  520   675.00        4.441370E+14   1.1579E-04   1.1584E-04   0.99954
FLUX  521   677.00        4.428250E+14   1.1528E-04   1.1531E-04   0.99977
FLUX  522   679.00        4.415206E+14   1.1444E-04   1.1478E-04   0.99706
FLUX  523   681.00        4.402239E+14   1.1415E-04   1.1426E-04   0.99909
FLUX  524   683.00        4.389348E+14   1.1359E-04   1.1373E-04   0.99876
FLUX  525   685.00        4.376533E+14   1.1316E-04   1.1322E-04   0.99949
FLUX  526   687.00        4.363792E+14   1.1266E-04   1.1270E-04   0.99961
FLUX  527   689.00        4.351125E+14   1.1215E-04   1.1219E-04   0.99959
FLUX  528   691.00        4.338531E+14   1.1163E-04   1.1169E-04   0.99953
FLUX  529   693.00        4.326010E+14   1.1099E-04   1.1118E-04   0.99831
FLUX  530   695.00        4.313561E+14   1.1064E-04   1.1068E-04   0.99964
FLUX  531   697.00        4.301184E+14   1.1016E-04   1.1019E-04   0.99980
FLUX  532   699.00        4.288877E+14   1.0965E-04   1.0969E-04   0.99963
FLUX  533   701.00        4.276641E+14   1.0914E-04   1.0920E-04   0.99941
FLUX  534   703.00        4.264474E+14   1.0866E-04   1.0872E-04   0.99943
FLUX  535   705.00        4.252376E+14   1.0804E-04   1.0823E-04   0.99823
FLUX  536   707.00        4.240347E+14   1.0614E-04   1.0775E-04   0.98498
FLUX  537   709.00        4.228385E+14   1.0726E-04   1.0728E-04   0.99986
FLUX  538   711.00        4.216491E+14   1.0671E-04   1.0681E-04   0.99910
FLUX  539   713.00        4.204663E+14   1.0626E-04   1.0634E-04   0.99932
FLUX  540   715.00        4.192902E+14   1.0579E-04   1.0587E-04   0.99931
FLUX  541   717.00        4.181206E+14   1.0535E-04   1.0540E-04   0.99953
FLUX  542   719.00        4.169576E+14   1.0493E-04   1.0494E-04   0.99988
FLUX  543   721.00        4.158010E+14   1.0447E-04   1.0449E-04   0.99988
FLUX  544   723.00        4.146508E+14   1.0313E-04   1.0403E-04   0.99138
FLUX  545   725.00        4.135069E+14   1.0350E-04   1.0358E-04   0.99920
FLUX  546   727.00        4.123693E+14   1.0312E-04   1.0313E-04   0.99988
FLUX  547   729.00        4.112380E+14   1.0200E-04   1.0269E-04   0.99334
FLUX  548   731.00        4.101129E+14   1.0222E-04   1.0224E-04   0.99978
FLUX  549   733.00        4.089939E+14   1.0179E-04   1.0180E-04   0.99985
FLUX  550   735.00        4.078810E+14   1.0136E-04   1.0137E-04   0.99998
FLUX  551   737.00        4.067741E+14   1.0093E-04   1.0093E-04   0.99997
FLUX  552   739.00        4.056732E+14   1.0050E-04   1.0050E-04   0.99997
FLUX  553   741.00        4.045783E+14   1.0007E-04   1.0007E-04   0.99997
FLUX  554   743.00        4.034892E+14   9.9545E-05   9.9644E-05   0.99900
FLUX  555   745.00        4.024060E+14   9.9184E-05   9.9230E-05   0.99953
FLUX  556   747.00        4.013286E+14   9.8677E-05   9.8810E-05   0.99865
FLUX  557   749.00        4.002570E+14   9.8309E-05   9.8392E-05   0.99916
FLUX  558   751.00        3.991911E+14   9.7906E-05   9.7977E-05   0.99928
FLUX  559   753.00        3.981308E+14   9.7525E-05   9.7564E-05   0.99960
FLUX  560   755.00        3.970762E+14   9.7128E-05   9.7154E-05   0.99973
FLUX  561   757.00        3.960271E+14   9.6735E-05   9.6747E-05   0.99987
FLUX  562   759.00        3.949835E+14   9.6307E-05   9.6343E-05   0.99963
FLUX  563   761.00        3.939455E+14   9.5935E-05   9.5941E-05   0.99994
FLUX  564   763.00        3.929128E+14   9.5532E-05   9.5541E-05   0.99990
FLUX  565   765.00        3.918856E+14   9.5131E-05   9.5145E-05   0.99986
FLUX  566   767.00        3.908638E+14   9.4738E-05   9.4750E-05   0.99987
FLUX  567   769.00        3.898472E+14   9.4345E-05   9.4358E-05   0.99985
FLUX  568   771.00        3.888359E+14   9.3959E-05   9.3969E-05   0.99989
FLUX  569   773.00        3.878299E+14   9.3556E-05   9.3582E-05   0.99972
FLUX  570   775.00        3.868290E+14   9.3182E-05   9.3198E-05   0.99984
FLUX  571   777.00        3.858333E+14   9.2094E-05   9.2816E-05   0.99222
FLUX  572   779.00        3.848427E+14   9.2422E-05   9.2436E-05   0.99985
FLUX  573   781.00        3.838572E+14   9.2026E-05   9.2059E-05   0.99964
FLUX  574   783.00        3.828768E+14   9.1681E-05   9.1684E-05   0.99997
FLUX  575   785.00        3.819013E+14   9.1117E-05   9.1371E-05   0.99722
FLUX  576   787.00        3.809307E+14   9.0775E-05   9.1000E-05   0.99752
FLUX  577   789.00        3.799651E+14   9.0255E-05   9.0631E-05   0.99585
FLUX  578   791.00        3.790044E+14   9.0213E-05   9.0265E-05   0.99942
FLUX  579   793.00        3.780485E+14   8.9883E-05   8.9901E-05   0.99980
FLUX  580   795.00        3.770975E+14   8.9294E-05   8.9539E-05   0.99727
FLUX  581   797.00        3.761512E+14   8.9120E-05   8.9179E-05   0.99933
FLUX  582   799.00        3.752096E+14   8.8476E-05   8.8821E-05   0.99611
FLUX  583   801.00        3.742728E+14   8.8444E-05   8.8466E-05   0.99975
FLUX  584   803.00        3.733406E+14   8.8052E-05   8.8113E-05   0.99931
FLUX  585   805.00        3.724130E+14   8.7690E-05   8.7762E-05   0.99918
FLUX  586   807.00        3.714901E+14   8.7370E-05   8.7413E-05   0.99951
FLUX  587   809.00        3.705717E+14   8.6954E-05   8.7066E-05   0.99871
FLUX  588   811.00        3.696578E+14   8.6614E-05   8.6721E-05   0.99877
FLUX  589   813.00        3.687485E+14   8.6297E-05   8.6379E-05   0.99905
FLUX  590   815.00        3.678436E+14   8.5924E-05   8.6038E-05   0.99868
FLUX  591   817.00        3.669431E+14   8.5661E-05   8.5700E-05   0.99955
FLUX  592   819.00        3.660470E+14   8.5230E-05   8.5363E-05   0.99844
FLUX  593   821.00        3.651553E+14   8.4663E-05   9.1799E-05   0.92226
FLUX  594   823.00        3.642679E+14   8.4337E-05   9.1424E-05   0.92249
FLUX  595   825.00        3.633848E+14   8.4289E-05   9.1050E-05   0.92575
FLUX  596   827.00        3.625060E+14   8.3746E-05   9.0716E-05   0.92317
FLUX  597   829.00        3.616315E+14   8.3600E-05   9.0347E-05   0.92533
FLUX  598   831.00        3.607611E+14   8.3324E-05   8.9979E-05   0.92604
FLUX  599   833.00        3.598950E+14   8.3011E-05   8.9615E-05   0.92631
FLUX  600   835.00        3.590329E+14   8.2459E-05   8.9252E-05   0.92389
FLUX  601   837.00        3.581750E+14   8.2278E-05   8.8892E-05   0.92559
FLUX  602   839.00        3.573212E+14   8.2114E-05   8.8534E-05   0.92748
FLUX  603   841.00        3.564715E+14   8.1765E-05   8.8178E-05   0.92727
FLUX  604   843.00        3.556257E+14   8.1366E-05   8.7824E-05   0.92647
FLUX  605   845.00        3.547840E+14   8.0396E-05   8.7472E-05   0.91910
FLUX  606   847.00        3.539463E+14   8.0598E-05   8.7123E-05   0.92511
FLUX  607   849.00        3.531125E+14   8.0219E-05   8.6775E-05   0.92445
FLUX  608   851.00        3.522826E+14   7.9637E-05   8.6430E-05   0.92141
FLUX  609   853.00        3.514566E+14   7.9719E-05   8.6087E-05   0.92603
FLUX  610   855.00        3.506345E+14   7.8060E-05   8.5746E-05   0.91037
FLUX  611   857.00        3.498162E+14   7.9829E-05   8.5407E-05   0.93469
FLUX  612   859.00        3.490017E+14   7.7108E-05   8.5069E-05   0.90641
FLUX  613   861.00        3.481911E+14   7.6962E-05   8.4734E-05   0.90827
FLUX  614   863.00        3.473841E+14   7.9710E-05   8.4401E-05   0.94442
FLUX  615   865.00        3.465809E+14   7.7524E-05   8.4070E-05   0.92213
FLUX  616   867.00        3.457814E+14   7.2714E-05   8.3741E-05   0.86832
FLUX  617   869.00        3.449856E+14   7.8629E-05   8.3414E-05   0.94264
FLUX  618   871.00        3.441935E+14   7.9968E-05   8.3089E-05   0.96244
FLUX  619   873.00        3.434049E+14   7.7531E-05   8.2765E-05   0.93676
FLUX  620   875.00        3.426200E+14   6.9451E-05   8.2444E-05   0.84240
FLUX  621   877.00        3.418387E+14   7.5316E-05   8.2124E-05   0.91710
FLUX  622   879.00        3.410609E+14   7.9384E-05   8.1806E-05   0.97039
FLUX  623   881.00        3.402866E+14   7.9860E-05   8.1490E-05   0.98000
FLUX  624   883.00        3.395159E+14   7.8592E-05   8.1176E-05   0.96817
FLUX  625   885.00        3.387486E+14   7.2756E-05   8.0864E-05   0.89973
FLUX  626   887.00        3.379848E+14   6.7126E-05   8.0553E-05   0.83331
FLUX  627   889.00        3.372244E+14   7.6192E-05   8.0245E-05   0.94949
FLUX  628   891.00        3.364675E+14   7.8408E-05   7.9938E-05   0.98086
FLUX  629   893.00        3.357139E+14   7.8566E-05   7.9633E-05   0.98660
FLUX  630   895.00        3.349637E+14   7.8583E-05   7.9330E-05   0.99058
FLUX  631   897.00        3.342168E+14   7.7799E-05   7.9029E-05   0.98444
FLUX  632   899.00        3.334733E+14   7.4993E-05   7.8729E-05   0.95255
FLUX  633   901.00        3.327331E+14   6.5703E-05   7.8431E-05   0.83772
FLUX  634   903.00        3.319961E+14   6.9166E-05   7.8135E-05   0.88522
FLUX  635   905.00        3.312624E+14   7.5390E-05   7.7840E-05   0.96852
FLUX  636   907.00        3.305320E+14   7.5889E-05   7.7547E-05   0.97861
FLUX  637   909.00        3.298047E+14   7.6335E-05   7.7256E-05   0.98808
FLUX  638   911.00        3.290807E+14   7.6533E-05   7.6966E-05   0.99437
FLUX  639   913.00        3.283598E+14   7.6313E-05   7.6679E-05   0.99523
FLUX  640   915.00        3.276421E+14   7.6005E-05   7.6392E-05   0.99493
FLUX  641   917.00        3.269275E+14   7.5284E-05   7.6108E-05   0.98918
FLUX  642   919.00        3.262160E+14   7.4256E-05   7.5825E-05   0.97931
FLUX  643   921.00        3.255076E+14   7.0212E-05   7.5543E-05   0.92942
FLUX  644   923.00        3.248023E+14   6.1140E-05   7.5263E-05   0.81235
FLUX  645   925.00        3.241000E+14   6.9030E-05   7.4985E-05   0.92059
FLUX  646   927.00        3.234008E+14   7.2390E-05   7.4708E-05   0.96897
FLUX  647   929.00        3.227045E+14   7.3703E-05   7.4433E-05   0.99019
FLUX  648   931.00        3.220113E+14   7.3546E-05   7.4160E-05   0.99173
FLUX  649   933.00        3.213210E+14   7.3596E-05   7.3888E-05   0.99605
FLUX  650   935.00        3.206337E+14   7.3489E-05   7.3617E-05   0.99826
FLUX  651   937.00        3.199493E+14   7.3295E-05   7.3348E-05   0.99928
FLUX  652   939.00        3.192678E+14   7.3004E-05   7.3080E-05   0.99895
FLUX  653   941.00        3.185893E+14   7.2325E-05   7.2814E-05   0.99328
FLUX  654   943.00        3.179136E+14   7.2448E-05   7.2549E-05   0.99861
FLUX  655   945.00        3.172407E+14   7.2076E-05   7.2286E-05   0.99710
FLUX  656   947.00        3.165707E+14   7.1313E-05   7.2024E-05   0.99013
FLUX  657   949.00        3.159036E+14   7.1098E-05   7.1764E-05   0.99072
FLUX  658   951.00        3.152392E+14   6.9494E-05   7.1505E-05   0.97188
FLUX  659   953.00        3.145776E+14   6.5374E-05   7.1247E-05   0.91758
FLUX  660   955.00        3.139188E+14   5.7890E-05   7.0990E-05   0.81547
FLUX  661   957.00        3.132628E+14   6.6282E-05   7.0736E-05   0.93704
FLUX  662   959.00        3.126095E+14   6.9142E-05   7.0482E-05   0.98098
FLUX  663   961.00        3.119589E+14   6.9527E-05   7.0230E-05   0.98999
FLUX  664   963.00        3.113110E+14   6.9095E-05   6.9979E-05   0.98736
FLUX  665   965.00        3.106658E+14   6.9592E-05   6.9729E-05   0.99803
FLUX  666   967.00        3.100233E+14   6.9396E-05   6.9481E-05   0.99877
FLUX  667   969.00        3.093834E+14   6.9153E-05   6.9234E-05   0.99882
FLUX  668   971.00        3.087461E+14   6.8820E-05   6.8989E-05   0.99755
FLUX  669   973.00        3.081115E+14   6.8737E-05   6.8745E-05   0.99989
FLUX  670   975.00        3.074795E+14   6.8471E-05   6.8502E-05   0.99955
FLUX  671   977.00        3.068501E+14   6.8259E-05   6.8260E-05   0.99998
FLUX  672   979.00        3.062232E+14   6.8014E-05   6.8020E-05   0.99991
FLUX  673   981.00        3.055989E+14   6.7772E-05   6.7781E-05   0.99987
FLUX  674   983.00        3.049771E+14   6.7499E-05   6.7543E-05   0.99934
FLUX  675   985.00        3.043579E+14   6.7292E-05   6.7307E-05   0.99978
FLUX  676   987.00        3.037411E+14   6.7048E-05   6.7072E-05   0.99965
FLUX  677   989.00        3.031269E+14   6.6761E-05   6.6838E-05   0.99886
FLUX  678   991.00        3.025151E+14   6.6385E-05   6.6605E-05   0.99670
FLUX  679   993.00        3.019058E+14   6.6325E-05   6.6373E-05   0.99927
FLUX  680   995.00        3.012990E+14   6.5970E-05   6.6143E-05   0.99738
FLUX  681   997.00        3.006946E+14   6.5625E-05   6.5914E-05   0.99561
FLUX  682   999.00        3.000926E+14   6.5162E-05   6.5686E-05   0.99202
FLUX  683  1002.50        2.990449E+14   6.1097E-05   6.5290E-05   0.93578
FLUX  684  1007.50        2.975608E+14   5.9338E-05   6.4731E-05   0.91668
FLUX  685  1012.50        2.960914E+14   6.3554E-05   6.4178E-05   0.99028
FLUX  686  1017.50        2.946364E+14   6.3553E-05   6.3633E-05   0.99873
FLUX  687  1022.50        2.931956E+14   6.3066E-05   6.3095E-05   0.99953
FLUX  688  1027.50        2.917689E+14   6.2554E-05   6.2564E-05   0.99985
FLUX  689  1032.50        2.903559E+14   6.1818E-05   6.2039E-05   0.99645
FLUX  690  1037.50        2.889566E+14   6.1512E-05   6.1521E-05   0.99985
FLUX  691  1042.50        2.875707E+14   6.1004E-05   6.1010E-05   0.99992
FLUX  692  1047.50        2.861981E+14   6.0490E-05   6.0504E-05   0.99976
FLUX  693  1052.50        2.848385E+14   5.9980E-05   6.0006E-05   0.99958
FLUX  694  1057.50        2.834917E+14   5.9497E-05   5.9513E-05   0.99973
FLUX  695  1062.50        2.821576E+14   5.9022E-05   5.9027E-05   0.99991
FLUX  696  1067.50        2.808361E+14   5.8343E-05   5.8546E-05   0.99652
FLUX  697  1072.50        2.795268E+14   5.8045E-05   5.8072E-05   0.99954
FLUX  698  1077.50        2.782297E+14   5.7582E-05   5.7603E-05   0.99964
FLUX  699  1082.50        2.769446E+14   5.6465E-05   5.7140E-05   0.98818
FLUX  700  1087.50        2.756713E+14   5.6153E-05   5.6683E-05   0.99066
FLUX  701  1092.50        2.744096E+14   5.0414E-05   5.6231E-05   0.89655
FLUX  702  1097.50        2.731595E+14   5.3463E-05   5.5784E-05   0.95839
FLUX  703  1102.50        2.719206E+14   5.4833E-05   5.5343E-05   0.99077
FLUX  704  1107.50        2.706930E+14   5.4825E-05   5.4907E-05   0.99850
FLUX  705  1112.50        2.694764E+14   5.4470E-05   5.4476E-05   0.99988
FLUX  706  1117.50        2.682707E+14   5.4040E-05   5.4051E-05   0.99981
FLUX  707  1122.50        2.670757E+14   5.3606E-05   5.3630E-05   0.99956
FLUX  708  1127.50        2.658914E+14   5.3069E-05   5.3214E-05   0.99728
FLUX  709  1132.50        2.647174E+14   5.2708E-05   5.2803E-05   0.99819
FLUX  710  1137.50        2.635538E+14   5.2389E-05   5.2397E-05   0.99985
FLUX  711  1142.50        2.624004E+14   5.1979E-05   5.1995E-05   0.99968
FLUX  712  1147.50        2.612571E+14   5.1595E-05   5.1599E-05   0.99994
FLUX  713  1152.50        2.601236E+14   5.1201E-05   5.1206E-05   0.99990
FLUX  714  1157.50        2.590000E+14   5.0810E-05   5.0819E-05   0.99984
FLUX  715  1162.50        2.578860E+14   5.0391E-05   5.0435E-05   0.99911
FLUX  716  1167.50        2.567816E+14   5.0023E-05   5.0056E-05   0.99933
FLUX  717  1172.50        2.556866E+14   4.9668E-05   4.9682E-05   0.99972
FLUX  718  1177.50        2.546008E+14   4.9213E-05   4.9311E-05   0.99800
FLUX  719  1182.50        2.535243E+14   4.8936E-05   4.8945E-05   0.99982
FLUX  720  1187.50        2.524568E+14   4.8562E-05   4.8583E-05   0.99957
FLUX  721  1192.50        2.513983E+14   4.8223E-05   4.8224E-05   0.99998
FLUX  722  1197.50        2.503486E+14   4.7474E-05   4.7870E-05   0.99173
FLUX  723  1202.50        2.493077E+14   4.7519E-05   4.7520E-05   0.99998
FLUX  724  1207.50        2.482754E+14   4.7171E-05   4.7174E-05   0.99994
FLUX  725  1212.50        2.472515E+14   4.6826E-05   4.6831E-05   0.99989
FLUX  726  1217.50        2.462361E+14   4.6489E-05   4.6492E-05   0.99992
FLUX  727  1222.50        2.452290E+14   4.6153E-05   4.6157E-05   0.99991
FLUX  728  1227.50        2.442301E+14   4.5819E-05   4.5825E-05   0.99987
FLUX  729  1232.50        2.432394E+14   4.5491E-05   4.5498E-05   0.99986
FLUX  730  1237.50        2.422566E+14   4.5168E-05   4.5173E-05   0.99989
FLUX  731  1242.50        2.412817E+14   4.4851E-05   4.4852E-05   0.99998
FLUX  732  1247.50        2.403146E+14   4.4499E-05   4.4535E-05   0.99920
FLUX  733  1252.50        2.393553E+14   4.4152E-05   4.4221E-05   0.99844
FLUX  734  1257.50        2.384036E+14   4.3885E-05   4.3910E-05   0.99943
FLUX  735  1262.50        2.374594E+14   4.3589E-05   4.3603E-05   0.99970
FLUX  736  1267.50        2.365227E+14   4.3280E-05   4.3298E-05   0.99958
FLUX  737  1272.50        2.355933E+14   4.2833E-05   4.2997E-05   0.99617
FLUX  738  1277.50        2.346712E+14   4.1606E-05   4.2700E-05   0.97439
FLUX  739  1282.50        2.337563E+14   3.8108E-05   4.2405E-05   0.89866
FLUX  740  1287.50        2.328485E+14   4.1465E-05   4.2113E-05   0.98462
FLUX  741  1292.50        2.319478E+14   4.1690E-05   4.1824E-05   0.99680
FLUX  742  1297.50        2.310539E+14   4.1302E-05   4.1538E-05   0.99431
FLUX  743  1302.50        2.301670E+14   4.1255E-05   4.1256E-05   0.99998
FLUX  744  1307.50        2.292868E+14   4.0975E-05   4.0976E-05   0.99998
FLUX  745  1312.50        2.284133E+14   4.0698E-05   4.0698E-05   0.99999
FLUX  746  1317.50        2.275465E+14   4.0404E-05   4.0424E-05   0.99950
FLUX  747  1322.50        2.266862E+14   4.0152E-05   4.0153E-05   0.99999
FLUX  748  1327.50        2.258324E+14   3.9884E-05   3.9884E-05   0.99999
FLUX  749  1332.50        2.249850E+14   3.9617E-05   3.9618E-05   0.99999
FLUX  750  1337.50        2.241439E+14   3.9354E-05   3.9354E-05   0.99999
FLUX  751  1342.50        2.233091E+14   3.9072E-05   3.9094E-05   0.99944
FLUX  752  1347.50        2.224805E+14   3.8833E-05   3.8835E-05   0.99993
FLUX  753  1352.50        2.216580E+14   3.8574E-05   3.8580E-05   0.99985
FLUX  754  1357.50        2.208416E+14   3.8324E-05   3.8327E-05   0.99992
FLUX  755  1362.50        2.200312E+14   3.8072E-05   3.8076E-05   0.99990
FLUX  756  1367.50        2.192267E+14   3.7818E-05   3.7828E-05   0.99974
FLUX  757  1372.50        2.184281E+14   3.7574E-05   3.7582E-05   0.99979
FLUX  758  1377.50        2.176352E+14   3.7339E-05   3.7339E-05   0.99998
FLUX  759  1382.50        2.168481E+14   3.7098E-05   3.7098E-05   0.99999
FLUX  760  1387.50        2.160667E+14   3.6859E-05   3.6860E-05   0.99999
FLUX  761  1392.50        2.152908E+14   3.6617E-05   3.6624E-05   0.99983
FLUX  762  1397.50        2.145206E+14   3.6386E-05   3.6390E-05   0.99990
FLUX  763  1402.50        2.137558E+14   3.6157E-05   3.6158E-05   0.99999
FLUX  764  1407.50        2.129964E+14   3.5926E-05   3.5928E-05   0.99993
FLUX  765  1412.50        2.122425E+14   3.5699E-05   3.5701E-05   0.99993
FLUX  766  1417.50        2.114938E+14   3.5476E-05   3.5476E-05   0.99999
FLUX  767  1422.50        2.107504E+14   3.5253E-05   3.5253E-05   0.99999
FLUX  768  1427.50        2.100123E+14   3.5032E-05   3.5032E-05   0.99999
FLUX  769  1432.50        2.092792E+14   3.4813E-05   3.4813E-05   0.99999
FLUX  770  1437.50        2.085513E+14   3.4596E-05   3.4596E-05   0.99998
FLUX  771  1442.50        2.078284E+14   3.4362E-05   3.4382E-05   0.99942
FLUX  772  1447.50        2.071105E+14   3.4162E-05   3.4169E-05   0.99979
FLUX  773  1452.50        2.063976E+14   3.3950E-05   3.3958E-05   0.99977
FLUX  774  1457.00        2.057601E+14   3.3770E-05   3.3770E-05   0.99999
FLUX  775  1462.00        2.050564E+14   3.3561E-05   3.4238E-05   0.98021
FLUX  776  1467.50        2.042879E+14   3.3343E-05   3.4006E-05   0.98050
FLUX  777  1472.50        2.035942E+14   3.3142E-05   3.3796E-05   0.98064
FLUX  778  1477.50        2.029052E+14   3.2939E-05   3.3589E-05   0.98064
FLUX  779  1482.50        2.022209E+14   3.2750E-05   3.3383E-05   0.98104
FLUX  780  1487.50        2.015412E+14   3.2556E-05   3.3180E-05   0.98119
FLUX  781  1492.50        2.008660E+14   3.2366E-05   3.2978E-05   0.98144
FLUX  782  1497.50        2.001953E+14   3.2172E-05   3.2778E-05   0.98152
FLUX  783  1502.50        1.995291E+14   3.1985E-05   3.2580E-05   0.98175
FLUX  784  1507.50        1.988673E+14   3.1753E-05   3.2384E-05   0.98052
FLUX  785  1512.50        1.982099E+14   3.1608E-05   3.2189E-05   0.98194
FLUX  786  1517.50        1.975568E+14   3.1422E-05   3.1996E-05   0.98205
FLUX  787  1522.50        1.969080E+14   3.1233E-05   3.1805E-05   0.98202
FLUX  788  1527.50        1.962635E+14   3.1043E-05   3.1616E-05   0.98187
FLUX  789  1532.50        1.956232E+14   3.0850E-05   3.1428E-05   0.98162
FLUX  790  1537.50        1.949870E+14   3.0685E-05   3.1242E-05   0.98215
FLUX  791  1542.50        1.943549E+14   3.0459E-05   3.1058E-05   0.98071
FLUX  792  1547.50        1.937270E+14   3.0316E-05   3.0875E-05   0.98188
FLUX  793  1552.50        1.931031E+14   3.0119E-05   3.0694E-05   0.98126
FLUX  794  1557.50        1.924831E+14   2.9843E-05   3.0515E-05   0.97800
FLUX  795  1562.50        1.918672E+14   2.9859E-05   3.0337E-05   0.98424
FLUX  796  1567.50        1.912552E+14   2.9500E-05   3.0160E-05   0.97812
FLUX  797  1572.50        1.906471E+14   2.9229E-05   2.9986E-05   0.97476
FLUX  798  1577.50        1.900428E+14   2.9394E-05   2.9812E-05   0.98598
FLUX  799  1582.50        1.894423E+14   2.9181E-05   2.9641E-05   0.98449
FLUX  800  1587.50        1.888457E+14   2.8385E-05   2.9470E-05   0.96317
FLUX  801  1592.50        1.882527E+14   2.8691E-05   2.9301E-05   0.97916
FLUX  802  1597.50        1.876635E+14   2.8825E-05   2.9134E-05   0.98940
FLUX  803  1605.00        1.867866E+14   2.8364E-05   2.8886E-05   0.98193
FLUX  804  1615.00        1.856300E+14   2.7639E-05   2.8560E-05   0.96776
FLUX  805  1625.00        1.844877E+14   2.8069E-05   2.8239E-05   0.99397
FLUX  806  1635.00        1.833593E+14   2.7344E-05   2.7923E-05   0.97923
FLUX  807  1645.00        1.822447E+14   2.6535E-05   2.7613E-05   0.96093
FLUX  808  1655.00        1.811435E+14   2.7214E-05   2.7309E-05   0.99653
FLUX  809  1665.00        1.800556E+14   2.6950E-05   2.7009E-05   0.99783
FLUX  810  1675.00        1.789806E+14   2.6098E-05   2.6714E-05   0.97696
FLUX  811  1685.00        1.779184E+14   2.5263E-05   2.6424E-05   0.95606
FLUX  812  1695.00        1.768687E+14   2.6049E-05   2.6138E-05   0.99658
FLUX  813  1705.00        1.758314E+14   2.5730E-05   2.5857E-05   0.99509
FLUX  814  1715.00        1.748061E+14   2.5570E-05   2.5581E-05   0.99958
FLUX  815  1725.00        1.737928E+14   2.5182E-05   2.5309E-05   0.99498
FLUX  816  1735.00        1.727911E+14   2.3594E-05   2.5041E-05   0.94218
FLUX  817  1745.00        1.718009E+14   2.4483E-05   2.4778E-05   0.98808
FLUX  818  1755.00        1.708219E+14   2.4499E-05   2.4519E-05   0.99918
FLUX  819  1765.00        1.698541E+14   2.4260E-05   2.4264E-05   0.99983
FLUX  820  1775.00        1.688972E+14   2.4004E-05   2.4012E-05   0.99965
FLUX  821  1785.00        1.679510E+14   2.3756E-05   2.3765E-05   0.99961
FLUX  822  1795.00        1.670153E+14   2.3521E-05   2.3522E-05   0.99997
FLUX  823  1805.00        1.660900E+14   2.3176E-05   2.3282E-05   0.99547
FLUX  824  1815.00        1.651749E+14   2.1780E-05   2.3046E-05   0.94508
FLUX  825  1825.00        1.642699E+14   2.2403E-05   2.2813E-05   0.98200
FLUX  826  1835.00        1.633747E+14   2.2553E-05   2.2584E-05   0.99862
FLUX  827  1845.00        1.624892E+14   2.2355E-05   2.2359E-05   0.99985
FLUX  828  1855.00        1.616132E+14   2.2114E-05   2.2136E-05   0.99897
FLUX  829  1865.00        1.607466E+14   2.1705E-05   2.1918E-05   0.99030
FLUX  830  1875.00        1.598893E+14   2.0472E-05   2.1702E-05   0.94333
FLUX  831  1885.00        1.590411E+14   2.1376E-05   2.1489E-05   0.99471
FLUX  832  1895.00        1.582018E+14   2.1271E-05   2.1280E-05   0.99960
FLUX  833  1905.00        1.573714E+14   2.1012E-05   2.1074E-05   0.99709
FLUX  834  1915.00        1.565496E+14   2.0866E-05   2.0870E-05   0.99980
FLUX  835  1925.00        1.557364E+14   2.0661E-05   2.0670E-05   0.99957
FLUX  836  1935.00        1.549315E+14   2.0320E-05   2.0473E-05   0.99255
FLUX  837  1945.00        1.541350E+14   1.9021E-05   2.0278E-05   0.93801
FLUX  838  1955.00        1.533465E+14   1.9918E-05   2.0086E-05   0.99165
FLUX  839  1965.00        1.525662E+14   1.9893E-05   1.9897E-05   0.99980
FLUX  840  1975.00        1.517937E+14   1.9710E-05   1.9710E-05   0.99998
FLUX  841  1985.00        1.510290E+14   1.9526E-05   1.9526E-05   0.99999
FLUX  842  1995.00        1.502719E+14   1.9345E-05   1.9345E-05   0.99999
FLUX  843  2005.00        1.495224E+14   1.9166E-05   1.9166E-05   0.99999
FLUX  844  2015.00        1.487804E+14   1.8990E-05   1.8990E-05   0.99999
FLUX  845  2025.00        1.480457E+14   1.8816E-05   1.8816E-05   0.99999
FLUX  846  2035.00        1.473182E+14   1.8644E-05   1.8644E-05   0.99999
FLUX  847  2045.00        1.465978E+14   1.8472E-05   1.8475E-05   0.99984
FLUX  848  2055.00        1.458844E+14   1.8280E-05   1.8308E-05   0.99845
FLUX  849  2065.00        1.451780E+14   1.8143E-05   1.8143E-05   0.99999
FLUX  850  2075.00        1.444783E+14   1.7981E-05   1.7981E-05   0.99999
FLUX  851  2085.00        1.437854E+14   1.7820E-05   1.7820E-05   0.99999
FLUX  852  2095.00        1.430990E+14   1.7662E-05   1.7662E-05   0.99997
FLUX  853  2105.00        1.424192E+14   1.7506E-05   1.7506E-05   0.99998
FLUX  854  2115.00        1.417459E+14   1.7311E-05   1.7352E-05   0.99765
FLUX  855  2125.00        1.410788E+14   1.7198E-05   1.7200E-05   0.99989
FLUX  856  2135.00        1.404180E+14   1.7047E-05   1.7050E-05   0.99983
FLUX  857  2145.00        1.397634E+14   1.6892E-05   1.6902E-05   0.99941
FLUX  858  2155.00        1.391148E+14   1.6649E-05   1.6756E-05   0.99363
FLUX  859  2165.00        1.384723E+14   1.5608E-05   1.6612E-05   0.93957
FLUX  860  2175.00        1.378356E+14   1.6294E-05   1.6469E-05   0.98936
FLUX  861  2185.00        1.372048E+14   1.6310E-05   1.6329E-05   0.99884
FLUX  862  2195.00        1.365797E+14   1.6188E-05   1.6190E-05   0.99985
FLUX  863  2205.00        1.359603E+14   1.6053E-05   1.6053E-05   0.99999
FLUX  864  2215.00        1.353465E+14   1.5918E-05   1.5918E-05   0.99998
FLUX  865  2225.00        1.347382E+14   1.5783E-05   1.5784E-05   0.99992
FLUX  866  2235.00        1.341353E+14   1.5652E-05   1.5653E-05   1.00000
FLUX  867  2245.00        1.335379E+14   1.5522E-05   1.5522E-05   0.99999
FLUX  868  2255.00        1.329457E+14   1.5394E-05   1.5394E-05   0.99999
FLUX  869  2265.00        1.323587E+14   1.5267E-05   1.5267E-05   1.00000
FLUX  870  2275.00        1.317769E+14   1.5141E-05   1.5141E-05   1.00000
FLUX  871  2285.00        1.312002E+14   1.5018E-05   1.5123E-05   0.99307
FLUX  872  2295.00        1.306285E+14   1.4896E-05   1.4999E-05   0.99315
FLUX  873  2305.00        1.300618E+14   1.4775E-05   1.4877E-05   0.99314
FLUX  874  2315.00        1.295000E+14   1.4658E-05   1.4756E-05   0.99332
FLUX  875  2325.00        1.289430E+14   1.4540E-05   1.4637E-05   0.99341
FLUX  876  2335.00        1.283908E+14   1.4424E-05   1.4519E-05   0.99348
FLUX  877  2345.00        1.278433E+14   1.4310E-05   1.4403E-05   0.99357
FLUX  878  2355.00        1.273004E+14   1.4197E-05   1.4288E-05   0.99363
FLUX  879  2365.00        1.267622E+14   1.4085E-05   1.4174E-05   0.99369
FLUX  880  2375.00        1.262284E+14   1.3974E-05   1.4062E-05   0.99377
FLUX  881  2385.00        1.256992E+14   1.3865E-05   1.3951E-05   0.99385
FLUX  882  2395.00        1.251743E+14   1.3756E-05   1.3841E-05   0.99385
FLUX  883  2405.00        1.246538E+14   1.3648E-05   1.3733E-05   0.99383
FLUX  884  2415.00        1.241377E+14   1.3542E-05   1.3626E-05   0.99384
FLUX  885  2425.00        1.236258E+14   1.3439E-05   1.3520E-05   0.99403
FLUX  886  2435.00        1.231181E+14   1.3334E-05   1.3416E-05   0.99394
FLUX  887  2445.00        1.226145E+14   1.3230E-05   1.3312E-05   0.99381
FLUX  888  2455.00        1.221151E+14   1.3131E-05   1.3210E-05   0.99402
FLUX  889  2465.00        1.216197E+14   1.3026E-05   1.3109E-05   0.99367
FLUX  890  2475.00        1.211283E+14   1.2917E-05   1.3009E-05   0.99288
FLUX  891  2485.00        1.206408E+14   1.2837E-05   1.2910E-05   0.99430
FLUX  892  2495.00        1.201573E+14   1.2715E-05   1.2813E-05   0.99234
FLUX  893  2505.00        1.196776E+14   1.2645E-05   1.2716E-05   0.99443
FLUX  894  2515.00        1.192018E+14   1.2551E-05   1.2621E-05   0.99445
FLUX  895  2525.00        1.187297E+14   1.2409E-05   1.2527E-05   0.99059
FLUX  896  2535.00        1.182613E+14   1.2359E-05   1.2433E-05   0.99401
FLUX  897  2545.00        1.177967E+14   1.2286E-05   1.2341E-05   0.99554
FLUX  898  2555.00        1.173356E+14   1.2170E-05   1.2250E-05   0.99348
FLUX  899  2565.00        1.168782E+14   1.2002E-05   1.2159E-05   0.98704
FLUX  900  2575.00        1.164243E+14   1.2000E-05   1.2070E-05   0.99420
FLUX  901  2585.00        1.159739E+14   1.1936E-05   1.1982E-05   0.99616
FLUX  902  2595.00        1.155270E+14   1.1843E-05   1.1895E-05   0.99563
FLUX  903  2605.00        1.150835E+14   1.1686E-05   1.1808E-05   0.98962
FLUX  904  2615.00        1.146434E+14   1.1434E-05   1.1723E-05   0.97533
FLUX  905  2625.00        1.142067E+14   1.0919E-05   1.1638E-05   0.93820
FLUX  906  2635.00        1.137732E+14   1.1401E-05   1.1555E-05   0.98665
FLUX  907  2645.00        1.133431E+14   1.1425E-05   1.1472E-05   0.99586
FLUX  908  2655.00        1.129162E+14   1.1346E-05   1.1390E-05   0.99615
FLUX  909  2665.00        1.124925E+14   1.1218E-05   1.1309E-05   0.99190
FLUX  910  2675.00        1.120720E+14   1.0910E-05   1.1229E-05   0.97153
FLUX  911  2685.00        1.116546E+14   1.1055E-05   1.1150E-05   0.99151
FLUX  912  2695.00        1.112403E+14   1.1049E-05   1.1072E-05   0.99794
FLUX  913  2705.00        1.108290E+14   1.0994E-05   1.0994E-05   0.99997
FLUX  914  2715.00        1.104208E+14   1.0917E-05   1.0917E-05   0.99998
FLUX  915  2725.00        1.100156E+14   1.0841E-05   1.0841E-05   0.99998
FLUX  916  2735.00        1.096133E+14   1.0759E-05   1.0766E-05   0.99934
FLUX  917  2745.00        1.092140E+14   1.0633E-05   1.0692E-05   0.99446
FLUX  918  2755.00        1.088176E+14   1.0262E-05   1.0618E-05   0.96641
FLUX  919  2765.00        1.084241E+14   1.0354E-05   1.0545E-05   0.98184
FLUX  920  2775.00        1.080333E+14   1.0441E-05   1.0473E-05   0.99691
FLUX  921  2785.00        1.076454E+14   1.0402E-05   1.0402E-05   0.99997
FLUX  922  2795.00        1.072603E+14   1.0331E-05   1.0331E-05   0.99999
FLUX  923  2805.00        1.068779E+14   1.0261E-05   1.0261E-05   0.99998
FLUX  924  2815.00        1.064982E+14   1.0192E-05   1.0192E-05   0.99998
FLUX  925  2825.00        1.061212E+14   1.0123E-05   1.0124E-05   0.99998
FLUX  926  2835.00        1.057469E+14   1.0055E-05   1.0056E-05   0.99988
FLUX  927  2845.00        1.053752E+14   9.9883E-06   9.9886E-06   0.99997
FLUX  928  2855.00        1.050061E+14   9.8923E-06   9.9222E-06   0.99699
FLUX  929  2865.00        1.046396E+14   9.7020E-06   9.8563E-06   0.98434
FLUX  930  2875.00        1.042757E+14   9.3664E-06   9.7912E-06   0.95662
FLUX  931  2885.00        1.039142E+14   9.6549E-06   9.7267E-06   0.99262
FLUX  932  2895.00        1.035553E+14   9.6504E-06   9.6628E-06   0.99872
FLUX  933  2905.00        1.031988E+14   9.5993E-06   9.5995E-06   0.99998
FLUX  934  2915.00        1.028448E+14   9.5362E-06   9.5368E-06   0.99994
FLUX  935  2925.00        1.024932E+14   9.4747E-06   9.4748E-06   0.99999
FLUX  936  2935.00        1.021440E+14   9.4130E-06   9.4133E-06   0.99997
FLUX  937  2945.00        1.017971E+14   9.3523E-06   9.3525E-06   0.99998
FLUX  938  2955.00        1.014526E+14   9.2922E-06   9.2922E-06   1.00000
FLUX  939  2965.00        1.011105E+14   9.2325E-06   9.2325E-06   1.00000
FLUX  940  2975.00        1.007706E+14   9.1733E-06   9.1734E-06   1.00000
FLUX  941  2985.00        1.004330E+14   9.1148E-06   9.1148E-06   1.00000
FLUX  942  2995.00        1.000977E+14   9.0568E-06   9.0569E-06   0.99999
FLUX  943  3005.00        9.976456E+13   8.9992E-06   8.9994E-06   0.99998
FLUX  944  3015.00        9.943367E+13   8.9366E-06   8.9425E-06   0.99934
FLUX  945  3025.00        9.910496E+13   8.8378E-06   8.8861E-06   0.99456
FLUX  946  3035.00        9.877842E+13   8.4792E-06   8.8303E-06   0.96024
FLUX  947  3045.00        9.845402E+13   8.5389E-06   8.7750E-06   0.97310
FLUX  948  3055.00        9.813175E+13   8.6828E-06   8.7202E-06   0.99571
FLUX  949  3065.00        9.781158E+13   8.6657E-06   8.6659E-06   0.99997
FLUX  950  3075.00        9.749350E+13   8.6114E-06   8.6122E-06   0.99991
FLUX  951  3085.00        9.717747E+13   8.5560E-06   8.5589E-06   0.99967
FLUX  952  3095.00        9.686349E+13   8.5060E-06   8.5061E-06   0.99999
FLUX  953  3105.00        9.655153E+13   8.4537E-06   8.4538E-06   0.99999
FLUX  954  3115.00        9.624157E+13   8.4019E-06   8.4020E-06   0.99999
FLUX  955  3125.00        9.593360E+13   8.3502E-06   8.3506E-06   0.99995
FLUX  956  3135.00        9.562759E+13   8.2997E-06   8.2998E-06   0.99999
FLUX  957  3145.00        9.532353E+13   8.2492E-06   8.2494E-06   0.99998
FLUX  958  3155.00        9.502139E+13   8.1994E-06   8.1994E-06   0.99999
FLUX  959  3165.00        9.472117E+13   8.1497E-06   8.1499E-06   0.99998
FLUX  960  3175.00        9.442283E+13   8.1007E-06   8.1008E-06   0.99999
FLUX  961  3185.00        9.412637E+13   8.0522E-06   8.0522E-06   1.00000
FLUX  962  3195.00        9.383177E+13   8.0040E-06   8.0040E-06   0.99999
FLUX  963  3210.00        9.339330E+13   7.9325E-06   7.9326E-06   0.99999
FLUX  964  3230.00        9.281502E+13   7.8387E-06   7.8387E-06   1.00000
FLUX  965  3250.00        9.224385E+13   7.7465E-06   7.7466E-06   0.99999
FLUX  966  3270.00        9.167966E+13   7.6474E-06   7.6560E-06   0.99888
FLUX  967  3290.00        9.112234E+13   7.3080E-06   7.5900E-06   0.96285
FLUX  968  3310.00        9.057175E+13   7.3973E-06   7.5021E-06   0.98603
FLUX  969  3330.00        9.002778E+13   7.3804E-06   7.4158E-06   0.99522
FLUX  970  3350.00        8.949030E+13   7.3013E-06   7.3310E-06   0.99595
FLUX  971  3370.00        8.895920E+13   7.2193E-06   7.2476E-06   0.99610
FLUX  972  3390.00        8.843437E+13   7.1386E-06   7.1656E-06   0.99624
FLUX  973  3410.00        8.791569E+13   7.0590E-06   7.0850E-06   0.99633
FLUX  974  3430.00        8.740306E+13   6.9805E-06   7.0057E-06   0.99640
FLUX  975  3450.00        8.689638E+13   6.9033E-06   6.9278E-06   0.99647
FLUX  976  3470.00        8.639553E+13   6.8272E-06   6.8511E-06   0.99651
FLUX  977  3490.00        8.590043E+13   6.7524E-06   6.7758E-06   0.99655
FLUX  978  3510.00        8.541097E+13   6.6790E-06   6.7016E-06   0.99663
FLUX  979  3530.00        8.492705E+13   6.6065E-06   6.6287E-06   0.99666
FLUX  980  3550.00        8.444859E+13   6.5352E-06   6.5569E-06   0.99670
FLUX  981  3570.00        8.397549E+13   6.4649E-06   6.4863E-06   0.99670
FLUX  982  3590.00        8.350766E+13   6.3963E-06   6.4168E-06   0.99681
FLUX  983  3610.00        8.304501E+13   6.3274E-06   6.3484E-06   0.99670
FLUX  984  3630.00        8.258747E+13   6.2614E-06   6.2811E-06   0.99686
FLUX  985  3650.00        8.213493E+13   6.1937E-06   6.2148E-06   0.99659
FLUX  986  3670.00        8.168733E+13   6.1308E-06   6.1496E-06   0.99694
FLUX  987  3690.00        8.124458E+13   6.0613E-06   6.0855E-06   0.99604
FLUX  988  3710.00        8.080660E+13   5.9942E-06   6.0223E-06   0.99533
FLUX  989  3730.00        8.037332E+13   5.8355E-06   5.9601E-06   0.97911
FLUX  990  3750.00        7.994467E+13   5.7336E-06   5.8988E-06   0.97200
FLUX  991  3770.00        7.952056E+13   5.8160E-06   5.8385E-06   0.99614
FLUX  992  3790.00        7.910092E+13   5.7638E-06   5.7791E-06   0.99735
FLUX  993  3810.00        7.868570E+13   5.6951E-06   5.7206E-06   0.99555
FLUX  994  3830.00        7.827480E+13   5.6397E-06   5.6630E-06   0.99589
FLUX  995  3850.00        7.786818E+13   5.5989E-06   5.6062E-06   0.99870
FLUX  996  3870.00        7.746576E+13   5.5480E-06   5.5503E-06   0.99958
FLUX  997  3890.00        7.706748E+13   5.4774E-06   5.4952E-06   0.99675
FLUX  998  3910.00        7.667327E+13   5.4005E-06   5.4410E-06   0.99256
FLUX  999  3930.00        7.628308E+13   5.3766E-06   5.3875E-06   0.99797
FLUX 1000  3950.00        7.589684E+13   5.3333E-06   5.3348E-06   0.99972
FLUX 1001  3970.00        7.551448E+13   5.2828E-06   5.2829E-06   0.99997
FLUX 1002  3990.00        7.513596E+13   5.2271E-06   5.2318E-06   0.99912
FLUX 1003  4010.00        7.476122E+13   5.1439E-06   5.1813E-06   0.99278
FLUX 1004  4030.00        7.439020E+13   5.0767E-06   5.1316E-06   0.98928
FLUX 1005  4050.00        7.402284E+13   4.9177E-06   5.0827E-06   0.96755
FLUX 1006  4070.00        7.365909E+13   5.0183E-06   5.0344E-06   0.99681
FLUX 1007  4090.00        7.329890E+13   4.9866E-06   4.9868E-06   0.99997
FLUX 1008  4110.00        7.294221E+13   4.9397E-06   4.9398E-06   0.99998
FLUX 1009  4130.00        7.258898E+13   4.8916E-06   4.8935E-06   0.99960
FLUX 1010  4150.00        7.223916E+13   4.8335E-06   4.8479E-06   0.99704
FLUX 1011  4170.00        7.189269E+13   4.7174E-06   4.8029E-06   0.98221
FLUX 1012  4190.00        7.154952E+13   4.7410E-06   4.7585E-06   0.99633
FLUX 1013  4210.00        7.120962E+13   4.7146E-06   4.7147E-06   0.99997
FLUX 1014  4230.00        7.087293E+13   4.6715E-06   4.6715E-06   0.99999
FLUX 1015  4250.00        7.053941E+13   4.6281E-06   4.6289E-06   0.99981
FLUX 1016  4270.00        7.020902E+13   4.5869E-06   4.5869E-06   1.00000
FLUX 1017  4290.00        6.988170E+13   4.5418E-06   4.5455E-06   0.99920
FLUX 1018  4310.00        6.955742E+13   4.5046E-06   4.5046E-06   0.99999
FLUX 1019  4330.00        6.923614E+13   4.4642E-06   4.4642E-06   0.99998
FLUX 1020  4350.00        6.891782E+13   4.4165E-06   4.4244E-06   0.99820
FLUX 1021  4370.00        6.860240E+13   4.2915E-06   4.3852E-06   0.97865
FLUX 1022  4390.00        6.828986E+13   4.3060E-06   4.3464E-06   0.99072
FLUX 1023  4410.00        6.798016E+13   4.3063E-06   4.3081E-06   0.99958
FLUX 1024  4430.00        6.767325E+13   4.2704E-06   4.2704E-06   0.99999
FLUX 1025  4450.00        6.736910E+13   4.2331E-06   4.2331E-06   1.00000
FLUX 1026  4470.00        6.706767E+13   4.2027E-06   4.2028E-06   0.99997
FLUX 1027  4490.00        6.676893E+13   4.1663E-06   4.1665E-06   0.99997
FLUX 1028  4510.00        6.647284E+13   4.1305E-06   4.1306E-06   0.99997
FLUX 1029  4530.00        6.617936E+13   4.0943E-06   4.0951E-06   0.99979
FLUX 1030  4550.00        6.588846E+13   4.0598E-06   4.0601E-06   0.99991
FLUX 1031  4570.00        6.560011E+13   4.0252E-06   4.0256E-06   0.99990
FLUX 1032  4590.00        6.531427E+13   3.9890E-06   3.9915E-06   0.99939
FLUX 1033  4610.00        6.503091E+13   3.9478E-06   3.9578E-06   0.99748
FLUX 1034  4630.00        6.475000E+13   3.9052E-06   3.9245E-06   0.99508
FLUX 1035  4650.00        6.447151E+13   3.7324E-06   3.8917E-06   0.95907
FLUX 1036  4670.00        6.419540E+13   3.7292E-06   3.8593E-06   0.96631
FLUX 1037  4690.00        6.392164E+13   3.7933E-06   3.8272E-06   0.99114
FLUX 1038  4710.00        6.365021E+13   3.7851E-06   3.7956E-06   0.99723
FLUX 1039  4730.00        6.338108E+13   3.7620E-06   3.7644E-06   0.99939
FLUX 1040  4750.00        6.311421E+13   3.7327E-06   3.7335E-06   0.99978
FLUX 1041  4770.00        6.284958E+13   3.7029E-06   3.7030E-06   0.99997
FLUX 1042  4790.00        6.258716E+13   3.6728E-06   3.6729E-06   0.99998
FLUX 1043  4810.00        6.232692E+13   3.6431E-06   3.6431E-06   0.99998
FLUX 1044  4830.00        6.206884E+13   3.6137E-06   3.6138E-06   0.99998
FLUX 1045  4850.00        6.181289E+13   3.5846E-06   3.5847E-06   0.99998
FLUX 1046  4870.00        6.155903E+13   3.5559E-06   3.5560E-06   0.99998
FLUX 1047  4890.00        6.130726E+13   3.5276E-06   3.5277E-06   0.99998
FLUX 1048  4910.00        6.105754E+13   3.4996E-06   3.4997E-06   0.99998
FLUX 1049  4930.00        6.080984E+13   3.4719E-06   3.4720E-06   0.99998
FLUX 1050  4950.00        6.056414E+13   3.4446E-06   3.4446E-06   0.99998
FLUX 1051  4970.00        6.032042E+13   3.4175E-06   3.4176E-06   0.99998
FLUX 1052  4990.00        6.007866E+13   3.3908E-06   3.3909E-06   0.99998
FLUX 1053  5010.00        5.983882E+13   3.3644E-06   3.3645E-06   0.99997
FLUX 1054  5030.00        5.960089E+13   3.3381E-06   3.3384E-06   0.99991
FLUX 1055  5050.00        5.936485E+13   3.3125E-06   3.3126E-06   0.99998
FLUX 1056  5070.00        5.913067E+13   3.2870E-06   3.2871E-06   0.99997
FLUX 1057  5090.00        5.889833E+13   3.2536E-06   3.2618E-06   0.99746
FLUX 1058  5110.00        5.866781E+13   3.2124E-06   3.2369E-06   0.99243
FLUX 1059  5130.00        5.843908E+13   3.0959E-06   3.2123E-06   0.96376
FLUX 1060  5150.00        5.821214E+13   3.1690E-06   3.1879E-06   0.99407
FLUX 1061  5170.00        5.798694E+13   3.1558E-06   3.1638E-06   0.99746
FLUX 1062  5190.00        5.776349E+13   3.1399E-06   3.1400E-06   0.99997
FLUX 1063  5210.00        5.754175E+13   3.1164E-06   3.1164E-06   0.99998
FLUX 1064  5230.00        5.732170E+13   3.0931E-06   3.0931E-06   0.99997
FLUX 1065  5250.00        5.710333E+13   3.0689E-06   3.0701E-06   0.99960
FLUX 1066  5270.00        5.688662E+13   3.0440E-06   3.0473E-06   0.99891
FLUX 1067  5290.00        5.667155E+13   3.0247E-06   3.0248E-06   0.99998
FLUX 1068  5310.00        5.645810E+13   3.0025E-06   3.0025E-06   0.99998
FLUX 1069  5330.00        5.624625E+13   2.9804E-06   2.9805E-06   0.99998
FLUX 1070  5350.00        5.603598E+13   2.9586E-06   2.9587E-06   0.99998
FLUX 1071  5370.00        5.582728E+13   2.9326E-06   2.9371E-06   0.99847
FLUX 1072  5390.00        5.562013E+13   2.9114E-06   2.9158E-06   0.99849
FLUX 1073  5410.00        5.541451E+13   2.8946E-06   2.8947E-06   0.99998
FLUX 1074  5430.00        5.521041E+13   2.8738E-06   2.8738E-06   0.99998
FLUX 1075  5450.00        5.500780E+13   2.8532E-06   2.8532E-06   0.99999
FLUX 1076  5470.00        5.480667E+13   2.8327E-06   2.8328E-06   0.99999
FLUX 1077  5490.00        5.460701E+13   2.8125E-06   2.8126E-06   0.99998
FLUX 1078  5510.00        5.440880E+13   2.7881E-06   2.7926E-06   0.99839
FLUX 1079  5530.00        5.421203E+13   2.7626E-06   2.7728E-06   0.99630
FLUX 1080  5550.00        5.401667E+13   2.7527E-06   2.7532E-06   0.99980
FLUX 1081  5570.00        5.382271E+13   2.7338E-06   2.7339E-06   0.99998
FLUX 1082  5590.00        5.363014E+13   2.7147E-06   2.7147E-06   0.99999
FLUX 1083  5610.00        5.343895E+13   2.6957E-06   2.6958E-06   0.99999
FLUX 1084  5630.00        5.324911E+13   2.6770E-06   2.6770E-06   0.99999
FLUX 1085  5650.00        5.306062E+13   2.6584E-06   2.6584E-06   0.99999
FLUX 1086  5670.00        5.287346E+13   2.6400E-06   2.6400E-06   0.99998
FLUX 1087  5690.00        5.268761E+13   2.6178E-06   2.6219E-06   0.99845
FLUX 1088  5710.00        5.250306E+13   2.5874E-06   2.6039E-06   0.99368
FLUX 1089  5730.00        5.231981E+13   2.5801E-06   2.5860E-06   0.99771
FLUX 1090  5750.00        5.213783E+13   2.5683E-06   2.5684E-06   0.99998
FLUX 1091  5770.00        5.195711E+13   2.5509E-06   2.5509E-06   0.99999
FLUX 1092  5790.00        5.177763E+13   2.5336E-06   2.5337E-06   0.99999
FLUX 1093  5810.00        5.159940E+13   2.5165E-06   2.5165E-06   0.99999
FLUX 1094  5830.00        5.142238E+13   2.4995E-06   2.4996E-06   0.99997
FLUX 1095  5850.00        5.124658E+13   2.4846E-06   2.4851E-06   0.99980
FLUX 1096  5870.00        5.107198E+13   2.4618E-06   2.4684E-06   0.99733
FLUX 1097  5890.00        5.089856E+13   2.4300E-06   2.4520E-06   0.99103
FLUX 1098  5910.00        5.072631E+13   2.3348E-06   2.4357E-06   0.95857
FLUX 1099  5930.00        5.055523E+13   2.4009E-06   2.4196E-06   0.99226
FLUX 1100  5950.00        5.038529E+13   2.3766E-06   2.4036E-06   0.98876
FLUX 1101  5970.00        5.021650E+13   2.3710E-06   2.3878E-06   0.99297
FLUX 1102  5990.00        5.004883E+13   2.3661E-06   2.3721E-06   0.99746
FLUX 1103  6010.00        4.988228E+13   2.3566E-06   2.3566E-06   0.99997
FLUX 1104  6030.00        4.971683E+13   2.3412E-06   2.3413E-06   0.99998
FLUX 1105  6050.00        4.955248E+13   2.3260E-06   2.3261E-06   0.99998
FLUX 1106  6070.00        4.938921E+13   2.3110E-06   2.3110E-06   0.99998
FLUX 1107  6090.00        4.922701E+13   2.2960E-06   2.2961E-06   0.99998
FLUX 1108  6110.00        4.906588E+13   2.2813E-06   2.2813E-06   0.99998
FLUX 1109  6130.00        4.890579E+13   2.2666E-06   2.2667E-06   0.99998
FLUX 1110  6150.00        4.874675E+13   2.2522E-06   2.2522E-06   0.99998
FLUX 1111  6170.00        4.858874E+13   2.2378E-06   2.2378E-06   0.99998
FLUX 1112  6190.00        4.843174E+13   2.2236E-06   2.2236E-06   0.99998
FLUX 1113  6210.00        4.827576E+13   2.2095E-06   2.2095E-06   0.99998
FLUX 1114  6230.00        4.812079E+13   2.1955E-06   2.1956E-06   0.99997
FLUX 1115  6250.00        4.796680E+13   2.1793E-06   2.1818E-06   0.99887
FLUX 1116  6270.00        4.781380E+13   2.1571E-06   2.1681E-06   0.99496
FLUX 1117  6290.00        4.766176E+13   2.1137E-06   2.1545E-06   0.98106
FLUX 1118  6310.00        4.751070E+13   2.1269E-06   2.1411E-06   0.99336
FLUX 1119  6330.00        4.736058E+13   2.1241E-06   2.1278E-06   0.99828
FLUX 1120  6350.00        4.721142E+13   2.1145E-06   2.1146E-06   0.99997
FLUX 1121  6370.00        4.706319E+13   2.1015E-06   2.1015E-06   0.99998
FLUX 1122  6390.00        4.691588E+13   2.0885E-06   2.0885E-06   0.99998
FLUX 1123  6420.00        4.669665E+13   2.0693E-06   2.0693E-06   0.99999
FLUX 1124  6460.00        4.640751E+13   2.0441E-06   2.0441E-06   0.99999
FLUX 1125  6500.00        4.612192E+13   2.0194E-06   2.0194E-06   0.99999
FLUX 1126  6540.00        4.583983E+13   1.9951E-06   1.9951E-06   0.99999
FLUX 1127  6580.00        4.556117E+13   1.9712E-06   1.9712E-06   0.99999
FLUX 1128  6620.00        4.528588E+13   1.9478E-06   1.9478E-06   0.99997
FLUX 1129  6660.00        4.501389E+13   1.9248E-06   1.9248E-06   0.99998
FLUX 1130  6700.00        4.474515E+13   1.9021E-06   1.9022E-06   0.99997
FLUX 1131  6740.00        4.447960E+13   1.8722E-06   1.8799E-06   0.99588
FLUX 1132  6780.00        4.421718E+13   1.8256E-06   1.8581E-06   0.98251
FLUX 1133  6820.00        4.395784E+13   1.8342E-06   1.8366E-06   0.99869
FLUX 1134  6860.00        4.370153E+13   1.8155E-06   1.8155E-06   0.99997
FLUX 1135  6900.00        4.344819E+13   1.7948E-06   1.7948E-06   0.99999
FLUX 1136  6940.00        4.319777E+13   1.7744E-06   1.7744E-06   0.99998
FLUX 1137  6980.00        4.295021E+13   1.7543E-06   1.7544E-06   0.99998
FLUX 1138  7020.00        4.270548E+13   1.7346E-06   1.7347E-06   0.99999
FLUX 1139  7060.00        4.246353E+13   1.7153E-06   1.7153E-06   0.99998
FLUX 1140  7100.00        4.222430E+13   1.6962E-06   1.6962E-06   0.99998
FLUX 1141  7140.00        4.198775E+13   1.6774E-06   1.6775E-06   0.99997
FLUX 1142  7180.00        4.175383E+13   1.6590E-06   1.6590E-06   0.99998
FLUX 1143  7220.00        4.152251E+13   1.6409E-06   1.6409E-06   0.99998
FLUX 1144  7260.00        4.129373E+13   1.6229E-06   1.6231E-06   0.99990
FLUX 1145  7300.00        4.106747E+13   1.6055E-06   1.6055E-06   0.99998
FLUX 1146  7340.00        4.084366E+13   1.5882E-06   1.5882E-06   0.99998
FLUX 1147  7380.00        4.062229E+13   1.5712E-06   1.5712E-06   0.99997
FLUX 1148  7420.00        4.040330E+13   1.5491E-06   1.5545E-06   0.99649
FLUX 1149  7460.00        4.018666E+13   1.4928E-06   1.5381E-06   0.97053
FLUX 1150  7500.00        3.997233E+13   1.4631E-06   1.5219E-06   0.96136
FLUX 1151  7540.00        3.976028E+13   1.4954E-06   1.5060E-06   0.99302
FLUX 1152  7580.00        3.955046E+13   1.4889E-06   1.4903E-06   0.99911
FLUX 1153  7620.00        3.934285E+13   1.4748E-06   1.4748E-06   0.99998
FLUX 1154  7660.00        3.913740E+13   1.4596E-06   1.4596E-06   0.99998
FLUX 1155  7700.00        3.893409E+13   1.4446E-06   1.4446E-06   0.99998
FLUX 1156  7740.00        3.873288E+13   1.4293E-06   1.4299E-06   0.99961
FLUX 1157  7780.00        3.853374E+13   1.4106E-06   1.4154E-06   0.99665
FLUX 1158  7820.00        3.833664E+13   1.4005E-06   1.4011E-06   0.99960
FLUX 1159  7860.00        3.814154E+13   1.3869E-06   1.3870E-06   0.99998
FLUX 1160  7900.00        3.794842E+13   1.3731E-06   1.3731E-06   0.99999
FLUX 1161  7940.00        3.775724E+13   1.3594E-06   1.3594E-06   0.99999
FLUX 1162  7980.00        3.756798E+13   1.3459E-06   1.3459E-06   0.99999
FLUX 1163  8020.00        3.738061E+13   1.3326E-06   1.3327E-06   0.99999
FLUX 1164  8060.00        3.719510E+13   1.3196E-06   1.3196E-06   0.99998
FLUX 1165  8100.00        3.701142E+13   1.3067E-06   1.3067E-06   0.99997
FLUX 1166  8140.00        3.682955E+13   1.2882E-06   1.2940E-06   0.99555
FLUX 1167  8180.00        3.664945E+13   1.2781E-06   1.2815E-06   0.99738
FLUX 1168  8220.00        3.647111E+13   1.2691E-06   1.2691E-06   0.99998
FLUX 1169  8260.00        3.629449E+13   1.2570E-06   1.2570E-06   0.99999
FLUX 1170  8300.00        3.611958E+13   1.2450E-06   1.2450E-06   0.99999
FLUX 1171  8340.00        3.594634E+13   1.2331E-06   1.2332E-06   0.99999
FLUX 1172  8380.00        3.577476E+13   1.2215E-06   1.2215E-06   0.99999
FLUX 1173  8420.00        3.560481E+13   1.2100E-06   1.2100E-06   0.99999
FLUX 1174  8460.00        3.543647E+13   1.1987E-06   1.1987E-06   0.99999
FLUX 1175  8500.00        3.526971E+13   1.1875E-06   1.1875E-06   0.99999
FLUX 1176  8540.00        3.510451E+13   1.1765E-06   1.1765E-06   0.99999
FLUX 1177  8580.00        3.494085E+13   1.1656E-06   1.1656E-06   0.99998
FLUX 1178  8620.00        3.477871E+13   1.1534E-06   1.1549E-06   0.99871
FLUX 1179  8660.00        3.461807E+13   1.1338E-06   1.1443E-06   0.99085
FLUX 1180  8700.00        3.445891E+13   1.1297E-06   1.1339E-06   0.99634
FLUX 1181  8740.00        3.430120E+13   1.1048E-06   1.1236E-06   0.98323
FLUX 1182  8780.00        3.414493E+13   1.0949E-06   1.1135E-06   0.98333
FLUX 1183  8820.00        3.399008E+13   1.1027E-06   1.1034E-06   0.99935
FLUX 1184  8860.00        3.383663E+13   1.0935E-06   1.0936E-06   0.99998
FLUX 1185  8900.00        3.368455E+13   1.0838E-06   1.0838E-06   0.99999
FLUX 1186  8940.00        3.353384E+13   1.0742E-06   1.0742E-06   0.99999
FLUX 1187  8980.00        3.338447E+13   1.0647E-06   1.0647E-06   0.99999
FLUX 1188  9020.00        3.323642E+13   1.0553E-06   1.0553E-06   0.99999
FLUX 1189  9060.00        3.308968E+13   1.0461E-06   1.0461E-06   0.99999
FLUX 1190  9100.00        3.294423E+13   1.0369E-06   1.0369E-06   0.99999
FLUX 1191  9140.00        3.280005E+13   1.0279E-06   1.0279E-06   0.99999
FLUX 1192  9180.00        3.265714E+13   1.0190E-06   1.0190E-06   0.99999
FLUX 1193  9220.00        3.251546E+13   1.0102E-06   1.0103E-06   0.99998
FLUX 1194  9260.00        3.237500E+13   1.0016E-06   1.0016E-06   0.99998
FLUX 1195  9300.00        3.223575E+13   9.9301E-07   9.9304E-07   0.99998
FLUX 1196  9340.00        3.209770E+13   9.8298E-07   9.8459E-07   0.99837
FLUX 1197  9380.00        3.196082E+13   9.6259E-07   9.7625E-07   0.98601
FLUX 1198  9420.00        3.182511E+13   9.6203E-07   9.6801E-07   0.99383
FLUX 1199  9460.00        3.169054E+13   9.5948E-07   9.5988E-07   0.99959
FLUX 1200  9500.00        3.155711E+13   9.5182E-07   9.5184E-07   0.99997
FLUX 1201  9540.00        3.142479E+13   9.4389E-07   9.4391E-07   0.99998
FLUX 1202  9580.00        3.129358E+13   9.3606E-07   9.3608E-07   0.99998
FLUX 1203  9620.00        3.116346E+13   9.2833E-07   9.2834E-07   0.99999
FLUX 1204  9660.00        3.103442E+13   9.2068E-07   9.2069E-07   0.99999
FLUX 1205  9700.00        3.090644E+13   9.1313E-07   9.1315E-07   0.99999
FLUX 1206  9740.00        3.077952E+13   9.0568E-07   9.0569E-07   0.99999
FLUX 1207  9780.00        3.065363E+13   8.9831E-07   8.9832E-07   0.99999
FLUX 1208  9820.00        3.052877E+13   8.9102E-07   8.9104E-07   0.99998
FLUX 1209  9860.00        3.040492E+13   8.8383E-07   8.8385E-07   0.99997
FLUX 1210  9900.00        3.028207E+13   8.7673E-07   8.7675E-07   0.99998
FLUX 1211  9940.00        3.016021E+13   8.6972E-07   8.6973E-07   0.99999
FLUX 1212  9980.00        3.003933E+13   8.6278E-07   8.6279E-07   0.99999
FLUX 1213 10020.00        2.991941E+13   8.5593E-07   8.5594E-07   0.99999
FLUX 1214 20000.00        1.498963E+13   2.1354E-07   2.1354E-07   1.00000
FLUX 1215 40000.00        7.494813E+12   5.2511E-08   5.2511E-08   1.00000
FLUX 1216 60000.00        4.996542E+12   2.3092E-08   2.3092E-08   1.00000
FLUX 1217 80000.00        3.747406E+12   1.2897E-08   1.2897E-08   1.00000
