FLUX   51    26.00        1.153048E+16   1.1925E-99   1.1925E-99   0.99998
FLUX   52    26.40        1.135578E+16   3.3904E-98   3.3905E-98   0.99998
FLUX   53    26.85        1.116546E+16   1.2962E-96   1.2962E-96   0.99998
FLUX   54    27.35        1.096133E+16   6.4394E-95   6.4395E-95   0.99998
FLUX   55    27.85        1.076454E+16   2.7794E-93   2.7794E-93   0.99998
FLUX   56    28.40        1.055607E+16   1.4954E-91   1.4954E-91   0.99998
FLUX   57    29.00        1.033767E+16   9.6990E-90   9.6991E-90   0.99998
FLUX   58    29.60        1.012812E+16   5.2899E-88   5.2900E-88   0.99998
FLUX   59    30.10        9.959883E+15   1.3112E-86   1.3114E-86   0.99986
FLUX   60    30.80        9.733523E+15   9.8226E-85   9.8228E-85   0.99998
FLUX   61    31.80        9.427437E+15   3.3453E-82   3.3454E-82   0.99998
FLUX   62    32.80        9.140015E+15   7.9379E-80   7.9381E-80   0.99998
FLUX   63    33.80        8.869601E+15   1.3539E-77   1.3539E-77   0.99998
FLUX   64    34.80        8.614727E+15   1.7106E-75   1.7106E-75   0.99998
FLUX   65    35.70        8.397549E+15   1.0509E-73   1.0509E-73   0.99998
FLUX   66    36.60        8.191052E+15   5.2605E-72   5.2606E-72   0.99998
FLUX   67    37.50        7.994467E+15   2.1722E-70   2.1722E-70   0.99998
FLUX   68    38.50        7.786818E+15   1.1015E-68   1.1016E-68   0.99998
FLUX   69    39.50        7.589683E+15   4.5570E-67   4.5571E-67   0.99998
FLUX   70    40.50        7.402284E+15   1.5628E-65   1.5628E-65   0.99998
FLUX   71    41.40        7.241364E+15   3.2432E-64   3.2432E-64   0.99998
FLUX   72    42.20        7.104087E+15   4.2981E-63   4.2982E-63   0.99998
FLUX   73    43.00        6.971919E+15   5.1629E-62   5.1630E-62   0.99998
FLUX   74    44.10        6.798016E+15   1.3551E-60   1.3551E-60   0.99998
FLUX   75    45.10        6.647284E+15   2.2923E-59   2.2924E-59   0.99998
FLUX   76    46.00        6.517228E+15   2.6246E-58   2.6246E-58   0.99998
FLUX   77    47.00        6.378564E+15   3.5228E-57   3.5229E-57   0.99998
FLUX   78    48.00        6.245677E+15   4.2297E-56   4.2298E-56   0.99998
FLUX   79    49.00        6.118214E+15   4.5789E-55   4.5790E-55   0.99998
FLUX   80    50.00        5.995850E+15   4.4907E-54   4.4908E-54   0.99998
FLUX   81    50.60        5.924753E+15   2.2962E-53   2.6118E-53   0.87916
FLUX   82    51.20        5.855322E+15   9.3786E-53   9.4802E-53   0.98928
FLUX   83    52.00        5.765240E+15   4.9983E-52   5.0420E-52   0.99133
FLUX   84    53.00        5.656462E+15   3.7849E-51   3.7850E-51   0.99998
FLUX   85    54.00        5.551713E+15   2.6171E-50   2.6310E-50   0.99472
FLUX   86    55.00        5.450773E+15   1.7015E-49   1.7015E-49   0.99998
FLUX   87    56.00        5.353437E+15   1.0272E-48   1.0272E-48   0.99998
FLUX   88    57.00        5.259517E+15   5.8095E-48   5.8096E-48   0.99998
FLUX   89    58.00        5.168836E+15   3.0568E-47   3.0900E-47   0.98928
FLUX   90    59.00        5.081229E+15   1.5489E-46   1.5493E-46   0.99974
FLUX   91    60.00        4.996542E+15   7.3463E-46   7.3478E-46   0.99980
FLUX   92    61.00        4.914631E+15   3.3052E-45   3.3053E-45   0.99998
FLUX   93    62.00        4.835363E+15   1.4137E-44   1.4139E-44   0.99988
FLUX   94    63.00        4.758611E+15   5.7649E-44   5.7654E-44   0.99991
FLUX   95    64.00        4.684258E+15   2.2474E-43   2.2474E-43   0.99998
FLUX   96    65.00        4.612192E+15   8.3885E-43   8.3887E-43   0.99998
FLUX   97    65.80        4.556117E+15   2.3350E-42   2.3350E-42   0.99998
FLUX   98    66.50        4.508158E+15   5.5970E-42   5.6000E-42   0.99948
FLUX   99    67.50        4.441370E+15   1.8902E-41   1.8909E-41   0.99963
FLUX  100    68.50        4.376533E+15   6.1530E-41   6.1531E-41   0.99998
FLUX  101    69.50        4.313561E+15   1.9326E-40   1.9327E-40   0.99998
FLUX  102    70.50        4.252376E+15   5.8583E-40   5.8685E-40   0.99827
FLUX  103    71.60        4.187046E+15   1.9182E-39   1.9182E-39   0.99998
FLUX  104    72.60        4.129373E+15   5.4499E-39   5.4500E-39   0.99998
FLUX  105    73.50        4.078809E+15   1.3602E-38   1.3603E-38   0.99992
FLUX  106    74.50        4.024060E+15   3.6576E-38   3.6588E-38   0.99969
FLUX  107    75.50        3.970762E+15   9.5716E-38   9.5748E-38   0.99967
FLUX  108    76.50        3.918856E+15   2.4404E-37   2.4406E-37   0.99992
FLUX  109    77.50        3.868290E+15   6.0637E-37   6.0658E-37   0.99965
FLUX  110    78.50        3.819013E+15   1.4714E-36   1.4714E-36   0.99998
FLUX  111    79.50        3.770975E+15   3.4697E-36   3.4867E-36   0.99511
FLUX  112    80.50        3.724130E+15   8.0640E-36   8.0788E-36   0.99817
FLUX  113    81.50        3.678436E+15   1.8314E-35   1.8318E-35   0.99976
FLUX  114    82.50        3.633848E+15   4.0681E-35   4.0683E-35   0.99993
FLUX  115    83.50        3.590329E+15   8.8569E-35   8.8575E-35   0.99993
FLUX  116    84.50        3.547840E+15   1.8889E-34   1.8915E-34   0.99864
FLUX  117    85.50        3.506345E+15   3.9410E-34   3.9645E-34   0.99407
FLUX  118    86.50        3.465809E+15   8.0714E-34   8.1609E-34   0.98903
FLUX  119    87.50        3.426200E+15   1.6226E-33   1.6510E-33   0.98277
FLUX  120    88.50        3.387486E+15   3.2102E-33   3.2848E-33   0.97728
FLUX  121    89.50        3.349637E+15   6.2660E-33   6.4305E-33   0.97441
FLUX  122    90.50        3.312624E+15   1.1960E-32   1.2393E-32   0.96509
FLUX  123    91.50        3.276421E+15   1.2318E-28   8.6871E-26   0.00142
FLUX  124    92.50        3.241000E+15   5.5506E-28   1.1013E-25   0.00504
FLUX  125    93.50        3.206337E+15   8.8956E-28   9.4123E-26   0.00945
FLUX  126    94.50        3.172407E+15   1.3824E-27   6.4235E-26   0.02152
FLUX  127    95.50        3.139188E+15   1.8931E-27   5.4534E-26   0.03471
FLUX  128    96.50        3.106658E+15   4.0757E-27   5.7965E-26   0.07031
FLUX  129    97.50        3.074795E+15   4.5918E-27   7.2315E-26   0.06350
FLUX  130    98.50        3.043579E+15   9.4424E-27   1.0784E-25   0.08756
FLUX  131    99.50        3.012990E+15   1.6816E-26   1.5255E-25   0.11023
FLUX  132   100.50        2.983010E+15   2.2025E-26   2.1801E-25   0.10103
FLUX  133   101.50        2.953621E+15   3.3605E-26   3.0970E-25   0.10851
FLUX  134   102.50        2.924805E+15   5.3339E-26   4.7447E-25   0.11242
FLUX  135   103.50        2.896546E+15   1.1478E-25   7.1137E-25   0.16135
FLUX  136   104.50        2.868828E+15   1.7167E-25   1.0991E-24   0.15620
FLUX  137   105.50        2.841635E+15   2.2291E-25   1.7241E-24   0.12929
FLUX  138   106.50        2.814953E+15   5.4707E-25   2.7418E-24   0.19953
FLUX  139   107.50        2.788767E+15   7.8163E-25   4.4077E-24   0.17733
FLUX  140   108.50        2.763064E+15   1.6041E-24   7.1335E-24   0.22487
FLUX  141   109.50        2.737831E+15   2.3385E-24   1.1545E-23   0.20255
FLUX  142   110.50        2.713054E+15   3.5706E-24   1.8595E-23   0.19202
FLUX  143   111.50        2.688722E+15   5.2330E-24   2.9760E-23   0.17584
FLUX  144   112.50        2.664822E+15   1.2263E-23   4.7039E-23   0.26070
FLUX  145   113.50        2.641344E+15   2.1899E-23   7.3476E-23   0.29804
FLUX  146   114.50        2.618275E+15   3.8105E-23   1.1316E-22   0.33672
FLUX  147   115.50        2.595606E+15   5.9301E-23   1.7125E-22   0.34628
FLUX  148   116.50        2.573326E+15   8.0399E-23   2.5418E-22   0.31631
FLUX  149   117.50        2.551426E+15   1.3620E-22   3.6765E-22   0.37046
FLUX  150   118.50        2.529894E+15   1.8789E-22   5.8218E-22   0.32273
FLUX  151   119.50        2.508724E+15   2.3060E-22   8.4495E-22   0.27291
FLUX  152   120.50        2.487905E+15   2.1228E-22   1.2129E-21   0.17502
FLUX  153   121.50        2.467428E+15   4.6540E-23   1.7215E-21   0.02703
FLUX  154   122.50        2.447286E+15   3.7962E-22   2.4185E-21   0.15697
FLUX  155   123.50        2.427470E+15   1.1407E-21   3.3708E-21   0.33840
FLUX  156   124.50        2.407972E+15   1.8782E-21   3.8750E-21   0.48470
FLUX  157   125.50        2.388785E+15   2.8676E-21   5.7998E-21   0.49442
FLUX  158   126.50        2.369901E+15   3.8943E-21   8.2761E-21   0.47055
FLUX  159   127.50        2.351314E+15   5.5249E-21   1.1536E-20   0.47894
FLUX  160   128.50        2.333016E+15   6.3633E-21   1.5979E-20   0.39822
FLUX  161   129.50        2.315000E+15   8.5525E-21   2.1907E-20   0.39041
FLUX  162   130.50        2.297261E+15   1.2091E-20   2.9820E-20   0.40546
FLUX  163   131.50        2.279791E+15   1.6086E-20   4.0353E-20   0.39864
FLUX  164   132.50        2.262585E+15   1.9799E-20   5.4161E-20   0.36556
FLUX  165   133.50        2.245637E+15   2.3899E-20   7.1916E-20   0.33232
FLUX  166   134.50        2.228940E+15   3.3356E-20   9.4400E-20   0.35335
FLUX  167   135.50        2.212491E+15   4.6833E-20   1.2236E-19   0.38275
FLUX  168   136.50        2.196282E+15   5.4321E-20   1.5683E-19   0.34636
FLUX  169   137.50        2.180309E+15   6.3513E-20   1.9889E-19   0.31935
FLUX  170   138.50        2.164567E+15   7.9058E-20   2.4991E-19   0.31634
FLUX  171   139.50        2.149050E+15   9.6208E-20   3.1242E-19   0.30795
FLUX  172   140.50        2.133754E+15   1.3813E-19   3.8899E-19   0.35509
FLUX  173   141.50        2.118675E+15   1.8337E-19   4.8354E-19   0.37922
FLUX  174   142.50        2.103807E+15   2.1205E-19   6.0172E-19   0.35240
FLUX  175   143.50        2.089146E+15   3.0191E-19   7.4750E-19   0.40389
FLUX  176   144.20        2.079005E+15   4.4175E-19   8.7009E-19   0.50771
FLUX  177   144.70        2.071821E+15   3.8427E-19   9.6906E-19   0.39654
FLUX  178   145.50        2.060430E+15   4.6600E-19   1.1507E-18   0.40498
FLUX  179   146.50        2.046365E+15   6.8296E-19   1.4240E-18   0.47961
FLUX  180   147.50        2.032492E+15   6.8675E-19   1.7584E-18   0.39056
FLUX  181   148.50        2.018805E+15   9.0194E-19   2.1656E-18   0.41649
FLUX  182   149.50        2.005301E+15   1.4071E-18   2.6561E-18   0.52976
FLUX  183   150.50        1.991977E+15   2.0635E-18   3.2524E-18   0.63444
FLUX  184   151.20        1.982755E+15   1.2763E-18   3.7390E-18   0.34134
FLUX  185   151.70        1.976220E+15   2.0826E-18   4.2146E-18   0.49415
FLUX  186   152.50        1.965852E+15   2.9137E-18   5.1380E-18   0.56710
FLUX  187   153.50        1.953046E+15   3.8929E-18   6.3186E-18   0.61611
FLUX  188   154.50        1.940405E+15   2.9923E-18   7.6742E-18   0.38992
FLUX  189   155.50        1.927926E+15   4.6354E-18   9.3343E-18   0.49660
FLUX  190   156.50        1.915607E+15   4.6403E-18   1.1377E-17   0.40786
FLUX  191   157.50        1.903444E+15   7.5383E-18   1.7370E-17   0.43397
FLUX  192   158.50        1.891435E+15   8.7531E-18   2.1014E-17   0.41653
FLUX  193   159.50        1.879577E+15   9.1794E-18   2.5423E-17   0.36107
FLUX  194   160.50        1.867866E+15   1.0378E-17   3.0729E-17   0.33774
FLUX  195   161.50        1.856300E+15   1.1924E-17   3.7104E-17   0.32137
FLUX  196   162.50        1.844877E+15   1.2729E-17   5.1070E-17   0.24924
FLUX  197   163.50        1.833593E+15   1.6765E-17   6.2121E-17   0.26987
FLUX  198   164.50        1.822447E+15   2.2146E-17   7.5554E-17   0.29312
FLUX  199   165.50        1.811435E+15   2.0968E-17   9.1675E-17   0.22872
FLUX  200   166.50        1.800556E+15   3.0741E-17   1.1116E-16   0.27656
FLUX  201   167.20        1.793017E+15   2.8729E-17   1.2687E-16   0.22645
FLUX  202   167.70        1.787671E+15   4.0540E-17   1.3942E-16   0.29077
FLUX  203   168.50        1.779184E+15   5.0285E-17   1.6203E-16   0.31034
FLUX  204   169.50        1.768687E+15   6.9047E-17   1.9470E-16   0.35464
FLUX  205   170.50        1.758314E+15   7.4253E-17   2.3307E-16   0.31858
FLUX  206   171.50        1.748061E+15   8.6980E-17   2.8052E-16   0.31007
FLUX  207   172.50        1.737928E+15   1.1602E-16   3.3377E-16   0.34759
FLUX  208   173.50        1.727911E+15   1.3554E-16   3.9561E-16   0.34261
FLUX  209   174.50        1.718009E+15   1.8540E-16   4.6711E-16   0.39692
FLUX  210   175.50        1.708219E+15   1.9645E-16   5.4966E-16   0.35740
FLUX  211   176.50        1.698541E+15   2.3519E-16   6.4484E-16   0.36472
FLUX  212   177.50        1.688972E+15   2.5155E-16   7.5414E-16   0.33356
FLUX  213   178.50        1.679510E+15   3.9606E-16   8.7921E-16   0.45047
FLUX  214   179.50        1.670153E+15   3.7930E-16   1.0222E-15   0.37107
FLUX  215   180.50        1.660900E+15   5.6213E-16   1.1851E-15   0.47433
FLUX  216   181.50        1.651749E+15   4.9755E-16   1.3706E-15   0.36302
FLUX  217   182.50        1.642699E+15   7.2147E-16   1.5814E-15   0.45623
FLUX  218   183.50        1.633747E+15   7.2101E-16   1.8205E-15   0.39605
FLUX  219   184.50        1.624892E+15   1.0060E-15   2.0914E-15   0.48103
FLUX  220   185.50        1.616132E+15   9.4716E-16   2.3981E-15   0.39496
FLUX  221   186.50        1.607466E+15   1.3380E-15   2.7448E-15   0.48747
FLUX  222   187.50        1.598893E+15   1.4038E-15   3.1367E-15   0.44754
FLUX  223   188.50        1.590411E+15   1.7255E-15   3.5759E-15   0.48254
FLUX  224   189.50        1.582018E+15   2.1653E-15   4.0687E-15   0.53219
FLUX  225   190.50        1.573714E+15   2.3854E-15   4.6201E-15   0.51630
FLUX  226   191.50        1.565496E+15   3.1385E-15   5.2390E-15   0.59906
FLUX  227   192.50        1.557364E+15   3.1015E-15   5.9320E-15   0.52284
FLUX  228   193.50        1.549315E+15   2.5770E-15   6.7057E-15   0.38430
FLUX  229   194.50        1.541350E+15   4.2776E-15   7.5699E-15   0.56508
FLUX  230   195.50        1.533465E+15   5.4749E-15   8.5328E-15   0.64163
FLUX  231   196.70        1.524110E+15   6.3882E-15   9.8330E-15   0.64967
FLUX  232   197.60        1.517168E+15   7.2531E-15   1.0921E-14   0.66413
FLUX  233   198.40        1.511051E+15   8.7865E-15   1.1978E-14   0.73357
FLUX  234   199.50        1.502719E+15   8.8706E-15   1.3581E-14   0.65317
FLUX  235   200.50        1.495224E+15   1.0560E-14   1.5203E-14   0.69460
FLUX  236   201.50        1.487804E+15   1.2261E-14   1.6996E-14   0.72142
FLUX  237   202.50        1.480457E+15   1.2524E-14   1.8977E-14   0.65993
FLUX  238   203.50        1.473182E+15   1.5458E-14   2.1161E-14   0.73052
FLUX  239   204.50        1.465978E+15   1.7120E-14   2.3566E-14   0.72649
FLUX  240   205.50        1.458844E+15   1.9733E-14   2.6212E-14   0.75282
FLUX  241   206.50        1.451780E+15   2.0782E-14   2.9124E-14   0.71356
FLUX  242   207.40        1.445480E+15   2.0705E-14   3.1992E-14   0.64719
FLUX  243   207.80        1.442697E+15   2.5235E-14   1.1886E-12   0.02123
FLUX  244   208.50        1.437854E+15   2.9287E-14   1.3948E-12   0.02100
FLUX  245   209.50        1.430990E+15   3.6811E-14   1.7461E-12   0.02108
FLUX  246   210.50        1.424192E+15   4.1280E-14   2.1815E-12   0.01892
FLUX  247   211.50        1.417459E+15   4.5692E-14   2.7206E-12   0.01679
FLUX  248   212.50        1.410788E+15   5.2850E-14   3.3710E-12   0.01568
FLUX  249   213.50        1.404180E+15   6.2609E-14   4.1525E-12   0.01508
FLUX  250   214.50        1.397634E+15   5.6341E-14   5.1032E-12   0.01104
FLUX  251   215.50        1.391148E+15   6.7287E-14   6.2369E-12   0.01079
FLUX  252   216.50        1.384723E+15   6.9059E-14   7.5678E-12   0.00913
FLUX  253   217.50        1.378356E+15   7.6336E-14   9.1156E-12   0.00837
FLUX  254   218.50        1.372048E+15   7.7380E-14   1.0949E-11   0.00707
FLUX  255   219.50        1.365797E+15   1.0854E-13   1.3051E-11   0.00832
FLUX  256   220.50        1.359603E+15   1.0391E-13   1.5449E-11   0.00673
FLUX  257   221.50        1.353465E+15   1.1837E-13   1.8156E-11   0.00652
FLUX  258   222.50        1.347382E+15   1.1419E-13   2.1411E-11   0.00533
FLUX  259   223.50        1.341353E+15   1.6333E-13   2.4885E-11   0.00656
FLUX  260   224.50        1.335379E+15   1.8538E-13   2.8724E-11   0.00645
FLUX  261   225.50        1.329457E+15   2.1409E-13   3.4795E-11   0.00615
FLUX  262   226.50        1.323587E+15   1.5962E-13   3.9714E-11   0.00402
FLUX  263   227.50        1.317769E+15   2.5289E-13   4.5006E-11   0.00562
FLUX  264   228.50        1.312002E+15   2.6085E-13   5.0671E-11   0.00515
FLUX  265   229.50        1.306285E+15   3.7143E-13   5.6703E-11   0.00655
FLUX  266   230.50        1.300618E+15   2.1143E-13   6.3162E-11   0.00335
FLUX  267   231.50        1.295000E+15   4.7619E-13   6.9978E-11   0.00680
FLUX  268   232.50        1.289430E+15   4.3309E-13   7.7125E-11   0.00562
FLUX  269   233.50        1.283908E+15   6.0401E-13   8.5547E-11   0.00706
FLUX  270   234.50        1.278433E+15   4.4170E-13   9.3415E-11   0.00473
FLUX  271   235.50        1.273004E+15   4.4324E-13   1.0161E-10   0.00436
FLUX  272   236.50        1.267622E+15   5.4299E-13   1.1011E-10   0.00493
FLUX  273   237.50        1.262284E+15   5.6251E-13   1.1891E-10   0.00473
FLUX  274   238.50        1.256992E+15   8.3905E-13   1.2799E-10   0.00656
FLUX  275   239.50        1.251743E+15   8.3433E-13   1.3740E-10   0.00607
FLUX  276   240.50        1.246538E+15   1.3523E-12   1.4709E-10   0.00919
FLUX  277   241.50        1.241377E+15   9.2649E-13   1.5709E-10   0.00590
FLUX  278   242.50        1.236258E+15   1.1389E-12   1.6739E-10   0.00680
FLUX  279   243.50        1.231181E+15   1.5972E-12   1.7801E-10   0.00897
FLUX  280   244.50        1.226145E+15   2.1071E-12   1.9113E-10   0.01102
FLUX  281   245.50        1.221151E+15   2.4800E-12   2.0241E-10   0.01225
FLUX  282   246.50        1.216197E+15   1.8214E-12   2.1401E-10   0.00851
FLUX  283   247.50        1.211283E+15   2.9463E-12   2.2593E-10   0.01304
FLUX  284   248.50        1.206408E+15   1.5638E-12   2.3821E-10   0.00656
FLUX  285   249.50        1.201573E+15   1.7131E-12   2.5085E-10   0.00683
FLUX  286   250.50        1.196776E+15   2.8054E-12   2.6566E-10   0.01056
FLUX  287   251.30        1.192967E+15   2.2655E-12   2.7632E-10   0.00820
FLUX  288   251.80        1.190598E+15   2.6153E-12   2.0822E-09   0.00126
FLUX  289   252.50        1.187297E+15   3.0987E-12   2.1767E-09   0.00142
FLUX  290   253.50        1.182613E+15   6.0431E-12   2.3150E-09   0.00261
FLUX  291   254.50        1.177967E+15   7.5607E-12   2.4566E-09   0.00308
FLUX  292   255.50        1.173356E+15   7.9340E-12   2.6019E-09   0.00305
FLUX  293   256.50        1.168782E+15   4.6746E-12   2.7511E-09   0.00170
FLUX  294   257.50        1.164243E+15   7.3047E-12   2.9045E-09   0.00251
FLUX  295   258.50        1.159739E+15   5.4988E-12   3.0617E-09   0.00180
FLUX  296   259.50        1.155270E+15   6.7892E-12   3.2226E-09   0.00211
FLUX  297   260.50        1.150835E+15   9.1350E-12   3.3878E-09   0.00270
FLUX  298   261.50        1.146434E+15   8.2220E-12   3.5573E-09   0.00231
FLUX  299   262.50        1.142067E+15   1.3168E-11   3.7313E-09   0.00353
FLUX  300   263.50        1.137732E+15   2.0740E-11   3.9656E-09   0.00523
FLUX  301   264.50        1.133431E+15   1.6125E-11   4.1480E-09   0.00389
FLUX  302   265.50        1.129162E+15   2.3306E-11   4.3350E-09   0.00538
FLUX  303   266.50        1.124925E+15   1.9330E-11   4.5267E-09   0.00427
FLUX  304   267.50        1.120720E+15   1.8438E-11   4.7234E-09   0.00390
FLUX  305   268.50        1.116546E+15   2.3975E-11   4.9249E-09   0.00487
FLUX  306   269.50        1.112403E+15   1.6942E-11   5.1314E-09   0.00330
FLUX  307   270.50        1.108290E+15   3.1423E-11   5.4141E-09   0.00580
FLUX  308   271.50        1.104208E+15   2.9748E-11   5.6293E-09   0.00528
FLUX  309   272.50        1.100156E+15   2.5666E-11   5.8496E-09   0.00439
FLUX  310   273.50        1.096133E+15   2.6427E-11   6.0751E-09   0.00435
FLUX  311   274.50        1.092140E+15   4.0321E-11   6.3058E-09   0.00639
FLUX  312   275.50        1.088176E+15   3.8128E-11   6.5420E-09   0.00583
FLUX  313   276.50        1.084240E+15   5.6199E-11   6.7831E-09   0.00829
FLUX  314   277.50        1.080333E+15   7.4057E-11   7.0298E-09   0.01053
FLUX  315   278.50        1.076454E+15   4.6396E-11   7.2823E-09   0.00637
FLUX  316   279.50        1.072603E+15   7.1603E-11   7.5408E-09   0.00950
FLUX  317   280.50        1.068779E+15   7.0048E-11   7.8054E-09   0.00897
FLUX  318   281.50        1.064982E+15   6.5687E-11   8.0763E-09   0.00813
FLUX  319   282.50        1.061212E+15   6.7276E-11   8.3536E-09   0.00805
FLUX  320   283.50        1.057469E+15   5.4583E-11   8.6373E-09   0.00632
FLUX  321   284.50        1.053752E+15   4.1151E-11   8.9277E-09   0.00461
FLUX  322   285.50        1.050061E+15   2.5664E-11   9.2246E-09   0.00278
FLUX  323   286.50        1.046396E+15   6.6675E-11   9.5282E-09   0.00700
FLUX  324   287.50        1.042757E+15   7.5753E-11   9.8389E-09   0.00770
FLUX  325   288.50        1.039142E+15   1.3328E-10   1.0157E-08   0.01312
FLUX  326   289.50        1.035553E+15   1.5956E-10   1.0481E-08   0.01522
FLUX  327   291.00        1.030215E+15   2.0064E-10   1.1035E-08   0.01818
FLUX  328   293.00        1.023183E+15   2.3530E-10   1.1723E-08   0.02007
FLUX  329   295.00        1.016246E+15   2.3203E-10   1.2452E-08   0.01863
FLUX  330   297.00        1.009402E+15   2.2359E-10   1.3200E-08   0.01694
FLUX  331   299.00        1.002650E+15   2.8271E-10   1.3980E-08   0.02022
FLUX  332   301.00        9.959884E+14   3.1346E-10   1.4793E-08   0.02119
FLUX  333   303.00        9.894142E+14   3.9193E-10   1.5639E-08   0.02506
FLUX  334   305.00        9.829262E+14   4.8985E-10   1.6517E-08   0.02966
FLUX  335   307.00        9.765228E+14   5.0305E-10   1.7429E-08   0.02886
FLUX  336   309.00        9.702023E+14   4.6625E-10   1.8420E-08   0.02531
FLUX  337   311.00        9.639630E+14   7.4570E-10   1.9397E-08   0.03844
FLUX  338   313.00        9.578035E+14   7.6968E-10   2.0422E-08   0.03769
FLUX  339   315.00        9.517222E+14   1.0993E-09   2.1471E-08   0.05120
FLUX  340   317.00        9.457177E+14   1.6171E-09   2.2557E-08   0.07169
FLUX  341   319.00        9.397884E+14   1.4230E-09   2.3681E-08   0.06009
FLUX  342   321.00        9.339330E+14   1.8114E-09   2.4844E-08   0.07291
FLUX  343   323.00        9.281501E+14   2.0622E-09   2.6057E-08   0.07914
FLUX  344   325.00        9.224385E+14   2.9643E-09   2.7298E-08   0.10859
FLUX  345   327.00        9.167966E+14   3.8782E-09   2.8578E-08   0.13570
FLUX  346   329.00        9.112234E+14   5.1270E-09   2.9906E-08   0.17144
FLUX  347   331.00        9.057175E+14   4.5742E-09   3.1269E-08   0.14629
FLUX  348   333.00        9.002778E+14   5.4973E-09   3.2673E-08   0.16825
FLUX  349   335.00        8.949030E+14   5.2171E-09   3.4119E-08   0.15291
FLUX  350   337.00        8.895920E+14   3.8745E-09   3.5609E-08   0.10881
FLUX  351   339.00        8.843436E+14   5.3695E-09   3.7147E-08   0.14455
FLUX  352   341.00        8.791569E+14   6.1464E-09   3.8724E-08   0.15872
FLUX  353   343.00        8.740306E+14   6.6172E-09   4.0346E-08   0.16401
FLUX  354   345.00        8.689638E+14   5.5079E-09   4.2014E-08   0.13110
FLUX  355   347.00        8.639553E+14   5.6269E-09   4.3728E-08   0.12868
FLUX  356   349.00        8.590043E+14   7.5762E-09   4.5488E-08   0.16655
FLUX  357   351.00        8.541097E+14   1.0264E-08   4.7296E-08   0.21702
FLUX  358   353.00        8.492705E+14   1.0170E-08   4.9150E-08   0.20692
FLUX  359   355.00        8.444859E+14   1.5235E-08   5.1054E-08   0.29840
FLUX  360   357.00        8.397549E+14   7.5853E-09   5.3009E-08   0.14310
FLUX  361   359.00        8.350766E+14   6.5761E-09   5.5013E-08   0.11954
FLUX  362   361.00        8.304501E+14   9.9995E-09   5.7066E-08   0.17523
FLUX  363   363.00        8.258746E+14   1.3528E-08   5.9169E-08   0.22863
FLUX  364   364.00        8.236058E+14   1.4519E-08   6.0241E-08   0.24101
FLUX  365   365.00        8.213493E+14   1.6366E-08   6.1325E-08   0.26687
FLUX  366   367.00        8.168733E+14   2.2689E-08   6.3532E-08   0.35713
FLUX  367   369.00        8.124458E+14   1.8734E-08   6.5791E-08   0.28474
FLUX  368   371.00        8.080660E+14   1.4660E-08   6.8103E-08   0.21527
FLUX  369   373.00        8.037332E+14   6.8589E-09   7.0464E-08   0.09734
FLUX  370   375.00        7.994467E+14   9.2274E-09   7.2876E-08   0.12662
FLUX  371   377.00        7.952056E+14   2.1608E-08   7.5621E-08   0.28574
FLUX  372   379.00        7.910092E+14   2.5097E-08   7.8148E-08   0.32115
FLUX  373   381.00        7.868569E+14   2.3620E-08   8.0727E-08   0.29259
FLUX  374   383.00        7.827480E+14   1.1058E-08   8.3358E-08   0.13266
FLUX  375   385.00        7.786818E+14   1.8625E-08   8.6043E-08   0.21647
FLUX  376   387.00        7.746576E+14   1.7725E-08   8.8780E-08   0.19965
FLUX  377   389.00        7.706748E+14   1.8657E-08   9.1572E-08   0.20374
FLUX  378   391.00        7.667327E+14   2.6309E-08   9.4418E-08   0.27865
FLUX  379   393.00        7.628308E+14   1.1563E-08   9.7318E-08   0.11882
FLUX  380   395.00        7.589683E+14   1.9285E-08   1.0027E-07   0.19232
FLUX  381   397.00        7.551448E+14   1.6261E-08   1.0328E-07   0.15745
FLUX  382   399.00        7.513596E+14   4.1993E-08   1.0634E-07   0.39491
FLUX  383   401.00        7.476122E+14   5.6187E-08   1.0945E-07   0.51337
FLUX  384   403.00        7.439020E+14   4.2426E-08   1.1261E-07   0.37674
FLUX  385   405.00        7.402284E+14   5.1589E-08   1.1583E-07   0.44538
FLUX  386   407.00        7.365909E+14   5.0308E-08   1.1910E-07   0.42240
FLUX  387   409.00        7.329890E+14   6.3950E-08   1.2242E-07   0.52237
FLUX  388   411.00        7.294221E+14   4.7789E-08   1.2580E-07   0.37989
FLUX  389   413.00        7.258898E+14   5.4631E-08   1.2923E-07   0.42276
FLUX  390   415.00        7.223916E+14   5.4676E-08   1.3271E-07   0.41200
FLUX  391   417.00        7.189269E+14   5.6374E-08   1.3625E-07   0.41377
FLUX  392   419.00        7.154952E+14   5.6051E-08   1.3983E-07   0.40084
FLUX  393   421.00        7.120962E+14   3.8335E-08   1.4347E-07   0.26719
FLUX  394   423.00        7.087293E+14   1.5543E-08   1.4717E-07   0.10561
FLUX  395   425.00        7.053941E+14   4.1341E-08   1.5091E-07   0.27394
FLUX  396   427.00        7.020902E+14   5.0151E-08   1.5471E-07   0.32416
FLUX  397   429.00        6.988170E+14   4.9670E-08   1.5856E-07   0.31325
FLUX  398   431.00        6.955742E+14   5.6460E-08   1.6246E-07   0.34752
FLUX  399   433.00        6.923614E+14   7.8681E-08   1.6642E-07   0.47279
FLUX  400   435.00        6.891782E+14   7.9782E-08   1.7042E-07   0.46814
FLUX  401   437.00        6.860240E+14   8.7112E-08   1.7448E-07   0.49926
FLUX  402   439.00        6.828986E+14   7.6796E-08   1.7859E-07   0.43001
FLUX  403   441.00        6.798016E+14   7.8030E-08   1.8275E-07   0.42698
FLUX  404   443.00        6.767325E+14   7.1697E-08   1.8696E-07   0.38349
FLUX  405   445.00        6.736910E+14   7.6589E-08   1.9122E-07   0.40052
FLUX  406   447.00        6.706767E+14   8.3231E-08   1.9553E-07   0.42566
FLUX  407   449.00        6.676893E+14   8.9905E-08   1.9990E-07   0.44976
FLUX  408   451.00        6.647284E+14   9.5622E-08   2.0431E-07   0.46802
FLUX  409   453.00        6.617936E+14   8.3432E-08   2.0878E-07   0.39963
FLUX  410   455.00        6.588846E+14   9.2625E-08   2.1329E-07   0.43427
FLUX  411   457.00        6.560011E+14   1.0658E-07   2.1785E-07   0.48923
FLUX  412   459.00        6.531427E+14   8.3102E-08   2.2246E-07   0.37355
FLUX  413   461.00        6.503091E+14   9.2684E-08   2.2712E-07   0.40808
FLUX  414   463.00        6.475000E+14   8.4569E-08   2.3183E-07   0.36479
FLUX  415   465.00        6.447150E+14   8.2969E-08   2.3658E-07   0.35070
FLUX  416   467.00        6.419540E+14   8.9366E-08   2.4138E-07   0.37023
FLUX  417   469.00        6.392164E+14   8.8229E-08   2.4622E-07   0.35833
FLUX  418   471.00        6.365021E+14   9.4864E-08   2.5111E-07   0.37778
FLUX  419   473.00        6.338108E+14   9.1350E-08   2.5605E-07   0.35677
FLUX  420   475.00        6.311421E+14   1.0182E-07   2.6103E-07   0.39007
FLUX  421   477.00        6.284958E+14   5.6634E-08   2.6606E-07   0.21286
FLUX  422   479.00        6.258716E+14   7.2165E-08   2.7114E-07   0.26616
FLUX  423   481.00        6.232692E+14   6.8631E-08   2.7625E-07   0.24844
FLUX  424   483.00        6.206884E+14   7.9565E-08   2.8142E-07   0.28273
FLUX  425   485.00        6.181289E+14   8.9319E-08   2.8663E-07   0.31162
FLUX  426   487.00        6.155903E+14   1.0051E-07   2.9188E-07   0.34436
FLUX  427   489.00        6.130726E+14   1.1777E-07   2.9717E-07   0.39631
FLUX  428   491.00        6.105753E+14   1.2891E-07   3.0251E-07   0.42614
FLUX  429   493.00        6.080984E+14   1.4078E-07   3.0789E-07   0.45726
FLUX  430   495.00        6.056414E+14   1.2844E-07   3.1331E-07   0.40994
FLUX  431   497.00        6.032042E+14   6.6000E-08   3.1877E-07   0.20705
FLUX  432   499.00        6.007866E+14   8.2951E-08   3.2427E-07   0.25581
FLUX  433   501.00        5.983882E+14   6.2397E-08   3.2981E-07   0.18919
FLUX  434   503.00        5.960089E+14   8.0753E-08   3.3540E-07   0.24077
FLUX  435   505.00        5.936485E+14   8.5301E-08   3.4102E-07   0.25014
FLUX  436   507.00        5.913067E+14   9.5062E-08   3.4668E-07   0.27421
FLUX  437   509.00        5.889833E+14   9.9358E-08   3.5238E-07   0.28197
FLUX  438   511.00        5.866781E+14   1.0924E-07   3.5811E-07   0.30505
FLUX  439   513.00        5.843908E+14   1.1097E-07   3.6388E-07   0.30497
FLUX  440   515.00        5.821214E+14   1.0698E-07   3.6969E-07   0.28936
FLUX  441   517.00        5.798694E+14   8.8540E-08   3.7554E-07   0.23577
FLUX  442   519.00        5.776349E+14   7.4709E-08   3.8141E-07   0.19587
FLUX  443   521.00        5.754175E+14   1.0026E-07   3.8733E-07   0.25885
FLUX  444   523.00        5.732170E+14   1.6474E-07   3.9327E-07   0.41891
FLUX  445   525.00        5.710333E+14   1.5506E-07   3.9926E-07   0.38838
FLUX  446   527.00        5.688662E+14   1.5227E-07   4.0527E-07   0.37573
FLUX  447   529.00        5.667155E+14   1.9526E-07   4.1131E-07   0.47473
FLUX  448   531.00        5.645810E+14   2.1880E-07   4.1739E-07   0.52421
FLUX  449   533.00        5.624625E+14   1.9854E-07   4.2350E-07   0.46880
FLUX  450   535.00        5.603598E+14   2.2255E-07   4.2964E-07   0.51800
FLUX  451   537.00        5.582728E+14   2.0682E-07   4.3581E-07   0.47455
FLUX  452   539.00        5.562013E+14   2.2439E-07   4.4201E-07   0.50766
FLUX  453   541.00        5.541451E+14   2.2813E-07   4.4824E-07   0.50895
FLUX  454   543.00        5.521040E+14   2.3107E-07   4.5450E-07   0.50841
FLUX  455   545.00        5.500780E+14   1.8092E-07   4.6079E-07   0.39263
FLUX  456   547.00        5.480667E+14   1.5521E-07   4.6711E-07   0.33229
FLUX  457   549.00        5.460701E+14   1.8440E-07   4.7345E-07   0.38948
FLUX  458   551.00        5.440880E+14   1.6159E-07   4.7982E-07   0.33677
FLUX  459   553.00        5.421202E+14   1.9948E-07   4.8623E-07   0.41026
FLUX  460   555.00        5.401667E+14   2.2294E-07   4.9265E-07   0.45253
FLUX  461   557.00        5.382271E+14   2.3142E-07   4.9911E-07   0.46366
FLUX  462   559.00        5.363014E+14   2.1153E-07   5.0558E-07   0.41839
FLUX  463   561.00        5.343895E+14   1.4938E-07   5.1208E-07   0.29171
FLUX  464   563.00        5.324911E+14   1.6116E-07   5.1861E-07   0.31075
FLUX  465   565.00        5.306062E+14   1.8304E-07   5.2516E-07   0.34854
FLUX  466   567.00        5.287346E+14   1.8169E-07   5.3173E-07   0.34170
FLUX  467   569.00        5.268761E+14   2.1586E-07   5.3832E-07   0.40099
FLUX  468   571.00        5.250306E+14   2.2152E-07   5.4493E-07   0.40650
FLUX  469   573.00        5.231981E+14   2.6011E-07   5.5157E-07   0.47159
FLUX  470   575.00        5.213783E+14   2.8806E-07   5.5822E-07   0.51603
FLUX  471   577.00        5.195711E+14   2.4922E-07   5.6489E-07   0.44117
FLUX  472   579.00        5.177763E+14   2.8239E-07   5.7159E-07   0.49405
FLUX  473   581.00        5.159940E+14   2.8496E-07   5.7830E-07   0.49276
FLUX  474   583.00        5.142238E+14   2.9143E-07   5.8503E-07   0.49816
FLUX  475   585.00        5.124658E+14   2.5968E-07   5.9177E-07   0.43882
FLUX  476   587.00        5.107198E+14   2.0533E-07   5.9854E-07   0.34305
FLUX  477   589.00        5.089856E+14   1.1477E-07   6.0532E-07   0.18960
FLUX  478   591.00        5.072631E+14   1.5681E-07   6.1212E-07   0.25617
FLUX  479   593.00        5.055523E+14   1.8256E-07   6.1893E-07   0.29496
FLUX  480   595.00        5.038529E+14   1.9559E-07   6.2576E-07   0.31257
FLUX  481   597.00        5.021650E+14   2.0503E-07   6.3261E-07   0.32410
FLUX  482   599.00        5.004883E+14   2.3425E-07   6.3946E-07   0.36633
FLUX  483   601.00        4.988228E+14   2.4741E-07   6.4634E-07   0.38279
FLUX  484   603.00        4.971683E+14   2.8625E-07   6.5322E-07   0.43820
FLUX  485   605.00        4.955248E+14   3.1115E-07   6.6012E-07   0.47134
FLUX  486   607.00        4.938921E+14   3.3987E-07   6.6704E-07   0.50952
FLUX  487   609.00        4.922701E+14   3.6863E-07   6.7396E-07   0.54697
FLUX  488   611.00        4.906588E+14   3.6600E-07   6.8089E-07   0.53753
FLUX  489   613.00        4.890579E+14   3.6962E-07   6.8784E-07   0.53737
FLUX  490   615.00        4.874675E+14   3.8927E-07   6.9480E-07   0.56026
FLUX  491   617.00        4.858874E+14   2.1226E-07   7.0176E-07   0.30247
FLUX  492   619.00        4.843174E+14   2.1861E-07   7.0874E-07   0.30845
FLUX  493   621.00        4.827576E+14   2.1551E-07   7.1573E-07   0.30111
FLUX  494   623.00        4.812079E+14   1.7835E-07   7.2273E-07   0.24678
FLUX  495   625.00        4.796680E+14   2.0227E-07   7.2973E-07   0.27719
FLUX  496   627.00        4.781380E+14   2.4176E-07   7.3674E-07   0.32815
FLUX  497   629.00        4.766176E+14   2.6511E-07   7.4376E-07   0.35645
FLUX  498   631.00        4.751070E+14   3.0552E-07   7.5079E-07   0.40694
FLUX  499   633.00        4.736058E+14   3.2772E-07   7.5783E-07   0.43244
FLUX  500   635.00        4.721142E+14   3.5389E-07   7.6487E-07   0.46269
FLUX  501   637.00        4.706319E+14   3.4984E-07   7.7191E-07   0.45321
FLUX  502   639.00        4.691588E+14   3.6919E-07   7.7896E-07   0.47395
FLUX  503   641.00        4.676950E+14   3.8751E-07   7.8602E-07   0.49301
FLUX  504   643.00        4.662403E+14   3.5110E-07   7.9308E-07   0.44270
FLUX  505   645.00        4.647946E+14   3.6424E-07   8.0014E-07   0.45522
FLUX  506   647.00        4.633578E+14   4.0037E-07   8.0721E-07   0.49599
FLUX  507   649.00        4.619299E+14   3.6809E-07   8.1428E-07   0.45205
FLUX  508   651.00        4.605107E+14   4.1200E-07   8.2135E-07   0.50161
FLUX  509   653.00        4.591003E+14   4.5363E-07   8.2842E-07   0.54759
FLUX  510   655.00        4.576985E+14   4.3790E-07   8.3559E-07   0.52406
FLUX  511   657.00        4.563052E+14   4.3672E-07   8.4267E-07   0.51826
FLUX  512   659.00        4.549203E+14   4.4502E-07   8.4975E-07   0.52371
FLUX  513   661.00        4.535439E+14   4.4465E-07   8.5683E-07   0.51895
FLUX  514   663.00        4.521757E+14   4.2295E-07   8.6391E-07   0.48958
FLUX  515   665.00        4.508158E+14   3.8058E-07   8.7099E-07   0.43695
FLUX  516   667.00        4.494640E+14   3.5357E-07   8.7807E-07   0.40267
FLUX  517   669.00        4.481203E+14   2.8903E-07   8.8515E-07   0.32654
FLUX  518   671.00        4.467846E+14   3.0430E-07   8.9223E-07   0.34106
FLUX  519   673.00        4.454569E+14   2.5044E-07   8.9930E-07   0.27848
FLUX  520   675.00        4.441370E+14   2.6824E-07   9.0638E-07   0.29594
FLUX  521   677.00        4.428250E+14   3.1154E-07   9.1345E-07   0.34106
FLUX  522   679.00        4.415206E+14   2.7779E-07   9.2052E-07   0.30178
FLUX  523   681.00        4.402239E+14   3.0966E-07   9.2759E-07   0.33383
FLUX  524   683.00        4.389348E+14   3.4007E-07   9.3466E-07   0.36384
FLUX  525   685.00        4.376533E+14   3.6583E-07   9.4172E-07   0.38847
FLUX  526   687.00        4.363792E+14   3.7618E-07   9.4877E-07   0.39649
FLUX  527   689.00        4.351125E+14   4.3109E-07   9.5583E-07   0.45101
FLUX  528   691.00        4.338531E+14   4.9437E-07   9.6287E-07   0.51343
FLUX  529   693.00        4.326010E+14   4.8652E-07   9.6992E-07   0.50161
FLUX  530   695.00        4.313561E+14   5.5046E-07   9.7695E-07   0.56344
FLUX  531   697.00        4.301184E+14   6.1981E-07   9.8398E-07   0.62990
FLUX  532   699.00        4.288877E+14   6.4988E-07   9.9101E-07   0.65577
FLUX  533   701.00        4.276640E+14   6.8769E-07   9.9803E-07   0.68904
FLUX  534   703.00        4.264474E+14   7.2712E-07   1.0050E-06   0.72347
FLUX  535   705.00        4.252376E+14   6.7436E-07   1.0120E-06   0.66633
FLUX  536   707.00        4.240346E+14   4.1538E-07   1.0190E-06   0.40762
FLUX  537   709.00        4.228385E+14   3.8282E-07   1.0260E-06   0.37310
FLUX  538   711.00        4.216491E+14   3.6173E-07   1.0330E-06   0.35017
FLUX  539   713.00        4.204663E+14   3.0337E-07   1.0400E-06   0.29170
FLUX  540   715.00        4.192902E+14   2.9670E-07   1.0470E-06   0.28339
FLUX  541   717.00        4.181206E+14   3.2814E-07   1.0539E-06   0.31135
FLUX  542   719.00        4.169576E+14   3.9883E-07   1.0609E-06   0.37594
FLUX  543   721.00        4.158010E+14   3.7457E-07   1.0678E-06   0.35078
FLUX  544   723.00        4.146508E+14   4.5481E-07   1.0747E-06   0.42318
FLUX  545   725.00        4.135069E+14   5.2861E-07   1.0817E-06   0.48868
FLUX  546   727.00        4.123693E+14   5.9950E-07   1.0886E-06   0.55069
FLUX  547   729.00        4.112380E+14   6.5694E-07   1.0955E-06   0.59966
FLUX  548   731.00        4.101129E+14   7.2768E-07   1.1025E-06   0.66002
FLUX  549   733.00        4.089939E+14   7.8179E-07   1.1094E-06   0.70470
FLUX  550   735.00        4.078809E+14   8.3378E-07   1.1163E-06   0.74694
FLUX  551   737.00        4.067741E+14   9.0292E-07   1.1231E-06   0.80394
FLUX  552   739.00        4.056732E+14   9.4748E-07   1.1299E-06   0.83851
FLUX  553   741.00        4.045783E+14   9.7600E-07   1.1368E-06   0.85857
FLUX  554   743.00        4.034892E+14   1.0079E-06   1.1436E-06   0.88136
FLUX  555   745.00        4.024060E+14   1.0234E-06   1.1504E-06   0.88964
FLUX  556   747.00        4.013286E+14   1.0514E-06   1.1572E-06   0.90855
FLUX  557   749.00        4.002570E+14   1.0643E-06   1.1640E-06   0.91437
FLUX  558   751.00        3.991911E+14   1.0834E-06   1.1707E-06   0.92544
FLUX  559   753.00        3.981308E+14   1.1009E-06   1.1775E-06   0.93498
FLUX  560   755.00        3.970762E+14   1.1094E-06   1.1842E-06   0.93676
FLUX  561   757.00        3.960271E+14   1.1145E-06   1.1910E-06   0.93583
FLUX  562   759.00        3.949835E+14   1.0098E-06   1.1977E-06   0.84310
FLUX  563   761.00        3.939455E+14   9.5197E-07   1.2044E-06   0.79042
FLUX  564   763.00        3.929128E+14   8.9738E-07   1.2111E-06   0.74097
FLUX  565   765.00        3.918856E+14   8.7580E-07   1.2178E-06   0.71919
FLUX  566   767.00        3.908638E+14   7.2812E-07   1.2244E-06   0.59466
FLUX  567   769.00        3.898472E+14   7.3633E-07   1.2311E-06   0.59812
FLUX  568   771.00        3.888359E+14   7.0838E-07   1.2377E-06   0.57233
FLUX  569   773.00        3.878299E+14   7.8764E-07   1.2443E-06   0.63298
FLUX  570   775.00        3.868290E+14   7.5763E-07   1.2509E-06   0.60565
FLUX  571   777.00        3.858333E+14   7.6045E-07   1.2575E-06   0.60472
FLUX  572   779.00        3.848427E+14   7.7738E-07   1.2641E-06   0.61497
FLUX  573   781.00        3.838572E+14   8.4840E-07   1.2707E-06   0.66768
FLUX  574   783.00        3.828768E+14   8.3125E-07   1.2772E-06   0.65083
FLUX  575   785.00        3.819013E+14   8.5855E-07   1.2837E-06   0.66879
FLUX  576   787.00        3.809307E+14   8.9976E-07   1.2903E-06   0.69735
FLUX  577   789.00        3.799651E+14   9.6747E-07   1.2968E-06   0.74607
FLUX  578   791.00        3.790044E+14   9.5862E-07   1.3032E-06   0.73557
FLUX  579   793.00        3.780485E+14   9.9073E-07   1.3097E-06   0.75646
FLUX  580   795.00        3.770975E+14   1.0167E-06   1.3161E-06   0.77245
FLUX  581   797.00        3.761512E+14   1.0902E-06   1.3226E-06   0.82430
FLUX  582   799.00        3.752096E+14   1.0915E-06   1.3290E-06   0.82129
FLUX  583   801.00        3.742728E+14   1.1222E-06   1.3354E-06   0.84037
FLUX  584   803.00        3.733406E+14   1.1556E-06   1.3418E-06   0.86128
FLUX  585   805.00        3.724130E+14   1.1883E-06   1.3481E-06   0.88142
FLUX  586   807.00        3.714901E+14   1.1969E-06   1.3545E-06   0.88370
FLUX  587   809.00        3.705717E+14   1.2293E-06   1.3608E-06   0.90339
FLUX  588   811.00        3.696578E+14   1.2557E-06   1.3671E-06   0.91851
FLUX  589   813.00        3.687485E+14   1.2866E-06   1.3734E-06   0.93681
FLUX  590   815.00        3.678436E+14   1.3023E-06   1.3797E-06   0.94389
FLUX  591   817.00        3.669431E+14   1.3102E-06   1.3859E-06   0.94539
FLUX  592   819.00        3.660470E+14   1.1505E-06   1.3922E-06   0.82642
FLUX  593   821.00        3.651553E+14   1.1729E-06   1.3984E-06   0.83875
FLUX  594   823.00        3.642679E+14   1.2263E-06   1.4046E-06   0.87305
FLUX  595   825.00        3.633848E+14   1.2430E-06   1.4108E-06   0.88109
FLUX  596   827.00        3.625060E+14   1.2302E-06   1.4169E-06   0.86820
FLUX  597   829.00        3.616315E+14   1.1813E-06   1.4231E-06   0.83007
FLUX  598   831.00        3.607611E+14   1.1834E-06   1.4292E-06   0.82799
FLUX  599   833.00        3.598950E+14   1.2004E-06   1.4353E-06   0.83629
FLUX  600   835.00        3.590329E+14   1.1833E-06   1.4414E-06   0.82093
FLUX  601   837.00        3.581750E+14   1.1907E-06   1.4475E-06   0.82257
FLUX  602   839.00        3.573212E+14   1.1436E-06   1.4536E-06   0.78674
FLUX  603   841.00        3.564715E+14   1.2277E-06   1.4596E-06   0.84112
FLUX  604   843.00        3.556257E+14   1.1436E-06   1.4656E-06   0.78028
FLUX  605   845.00        3.547840E+14   1.1280E-06   1.4716E-06   0.76649
FLUX  606   847.00        3.539463E+14   1.0990E-06   1.4776E-06   0.74379
FLUX  607   849.00        3.531125E+14   1.1426E-06   1.4836E-06   0.77014
FLUX  608   851.00        3.522826E+14   1.1077E-06   1.4895E-06   0.74370
FLUX  609   853.00        3.514566E+14   1.1591E-06   1.4954E-06   0.77506
FLUX  610   855.00        3.506345E+14   1.1150E-06   1.5013E-06   0.74268
FLUX  611   857.00        3.498162E+14   1.2423E-06   1.5072E-06   0.82423
FLUX  612   859.00        3.490017E+14   1.2628E-06   1.5131E-06   0.83459
FLUX  613   861.00        3.481911E+14   1.2942E-06   1.5189E-06   0.85204
FLUX  614   863.00        3.473841E+14   1.3378E-06   1.5248E-06   0.87739
FLUX  615   865.00        3.465809E+14   1.3527E-06   1.5306E-06   0.88378
FLUX  616   867.00        3.457814E+14   1.2453E-06   1.5364E-06   0.81053
FLUX  617   869.00        3.449856E+14   1.3338E-06   1.5421E-06   0.86488
FLUX  618   871.00        3.441935E+14   1.4322E-06   1.5479E-06   0.92528
FLUX  619   873.00        3.434049E+14   1.4408E-06   1.5536E-06   0.92735
FLUX  620   875.00        3.426200E+14   1.4564E-06   1.5593E-06   0.93399
FLUX  621   877.00        3.418387E+14   1.4611E-06   1.5650E-06   0.93356
FLUX  622   879.00        3.410609E+14   1.4956E-06   1.5707E-06   0.95219
FLUX  623   881.00        3.402866E+14   1.4755E-06   1.5764E-06   0.93602
FLUX  624   883.00        3.395159E+14   1.4825E-06   1.5820E-06   0.93710
FLUX  625   885.00        3.387486E+14   1.5057E-06   1.5876E-06   0.94837
FLUX  626   887.00        3.379848E+14   1.1498E-06   1.5932E-06   0.72169
FLUX  627   889.00        3.372244E+14   1.1851E-06   1.5988E-06   0.74126
FLUX  628   891.00        3.364674E+14   1.2555E-06   1.6044E-06   0.78255
FLUX  629   893.00        3.357139E+14   1.2837E-06   1.6099E-06   0.79739
FLUX  630   895.00        3.349637E+14   1.2356E-06   1.6154E-06   0.76490
FLUX  631   897.00        3.342168E+14   1.2750E-06   1.6209E-06   0.78658
FLUX  632   899.00        3.334733E+14   1.3431E-06   1.6264E-06   0.82579
FLUX  633   901.00        3.327331E+14   1.3411E-06   1.6318E-06   0.82185
FLUX  634   903.00        3.319961E+14   1.3822E-06   1.6373E-06   0.84423
FLUX  635   905.00        3.312624E+14   1.4315E-06   1.6427E-06   0.87146
FLUX  636   907.00        3.305320E+14   1.4729E-06   1.6481E-06   0.89374
FLUX  637   909.00        3.298047E+14   1.4718E-06   1.6535E-06   0.89011
FLUX  638   911.00        3.290807E+14   1.4951E-06   1.6588E-06   0.90130
FLUX  639   913.00        3.283598E+14   1.5396E-06   1.6641E-06   0.92517
FLUX  640   915.00        3.276421E+14   1.5644E-06   1.6695E-06   0.93709
FLUX  641   917.00        3.269275E+14   1.5856E-06   1.6748E-06   0.94679
FLUX  642   919.00        3.262160E+14   1.6071E-06   1.6800E-06   0.95658
FLUX  643   921.00        3.255076E+14   1.5971E-06   1.6853E-06   0.94766
FLUX  644   923.00        3.248023E+14   1.5864E-06   1.6905E-06   0.93843
FLUX  645   925.00        3.241000E+14   1.5823E-06   1.6957E-06   0.93308
FLUX  646   927.00        3.234008E+14   1.5979E-06   1.7009E-06   0.93940
FLUX  647   929.00        3.227045E+14   1.5789E-06   1.7061E-06   0.92544
FLUX  648   931.00        3.220113E+14   1.5926E-06   1.7113E-06   0.93062
FLUX  649   933.00        3.213210E+14   1.6051E-06   1.7164E-06   0.93510
FLUX  650   935.00        3.206337E+14   1.6191E-06   1.7216E-06   0.94048
FLUX  651   937.00        3.199493E+14   1.5997E-06   1.7267E-06   0.92646
FLUX  652   939.00        3.192678E+14   1.6263E-06   1.7318E-06   0.93908
FLUX  653   941.00        3.185893E+14   1.6332E-06   1.7368E-06   0.94033
FLUX  654   943.00        3.179136E+14   1.6523E-06   1.7419E-06   0.94857
FLUX  655   945.00        3.172407E+14   1.6336E-06   1.7469E-06   0.93511
FLUX  656   947.00        3.165707E+14   1.6662E-06   1.7519E-06   0.95105
FLUX  657   949.00        3.159036E+14   1.6866E-06   1.7569E-06   0.95997
FLUX  658   951.00        3.152392E+14   1.6903E-06   1.7619E-06   0.95936
FLUX  659   953.00        3.145776E+14   1.6898E-06   1.7669E-06   0.95639
FLUX  660   955.00        3.139188E+14   1.6705E-06   1.7718E-06   0.94283
FLUX  661   957.00        3.132628E+14   1.7043E-06   1.7767E-06   0.95922
FLUX  662   959.00        3.126095E+14   1.7312E-06   1.7816E-06   0.97171
FLUX  663   961.00        3.119589E+14   1.7042E-06   1.7865E-06   0.95396
FLUX  664   963.00        3.113110E+14   1.7386E-06   1.7913E-06   0.97056
FLUX  665   965.00        3.106658E+14   1.6646E-06   1.7962E-06   0.92676
FLUX  666   967.00        3.100233E+14   1.6857E-06   1.8010E-06   0.93599
FLUX  667   969.00        3.093834E+14   1.7391E-06   1.8058E-06   0.96308
FLUX  668   971.00        3.087461E+14   1.7285E-06   1.8106E-06   0.95468
FLUX  669   973.00        3.081115E+14   1.6762E-06   1.8153E-06   0.92336
FLUX  670   975.00        3.074795E+14   1.6617E-06   1.8200E-06   0.91300
FLUX  671   977.00        3.068500E+14   1.6967E-06   1.8248E-06   0.92982
FLUX  672   979.00        3.062232E+14   1.6680E-06   1.8295E-06   0.91175
FLUX  673   981.00        3.055989E+14   1.7214E-06   1.8342E-06   0.93854
FLUX  674   983.00        3.049771E+14   1.6795E-06   1.8388E-06   0.91339
FLUX  675   985.00        3.043579E+14   1.7165E-06   1.8435E-06   0.93112
FLUX  676   987.00        3.037411E+14   1.7393E-06   1.8481E-06   0.94113
FLUX  677   989.00        3.031269E+14   1.7513E-06   1.8527E-06   0.94526
FLUX  678   991.00        3.025151E+14   1.7272E-06   1.8573E-06   0.92998
FLUX  679   993.00        3.019058E+14   1.7355E-06   1.8619E-06   0.93212
FLUX  680   995.00        3.012990E+14   1.7592E-06   1.8664E-06   0.94253
FLUX  681   997.00        3.006946E+14   1.7779E-06   1.8709E-06   0.95025
FLUX  682   999.00        3.000926E+14   1.7817E-06   1.8755E-06   0.94999
FLUX  683  1002.50        2.990449E+14   1.7764E-06   1.8833E-06   0.94320
FLUX  684  1007.50        2.975608E+14   1.8012E-06   1.8945E-06   0.95075
FLUX  685  1012.50        2.960914E+14   1.8299E-06   1.9055E-06   0.96034
FLUX  686  1017.50        2.946364E+14   1.8413E-06   1.9164E-06   0.96078
FLUX  687  1022.50        2.931956E+14   1.8647E-06   1.9273E-06   0.96753
FLUX  688  1027.50        2.917689E+14   1.8856E-06   1.9380E-06   0.97297
FLUX  689  1032.50        2.903559E+14   1.8787E-06   1.9487E-06   0.96410
FLUX  690  1037.50        2.889566E+14   1.9051E-06   1.9592E-06   0.97237
FLUX  691  1042.50        2.875707E+14   1.9342E-06   1.9696E-06   0.98201
FLUX  692  1047.50        2.861981E+14   1.9348E-06   1.9799E-06   0.97721
FLUX  693  1052.50        2.848385E+14   1.9625E-06   1.9902E-06   0.98612
FLUX  694  1057.50        2.834917E+14   1.9628E-06   2.0002E-06   0.98128
FLUX  695  1062.50        2.821576E+14   1.9855E-06   2.0102E-06   0.98769
FLUX  696  1067.50        2.808361E+14   1.9795E-06   2.0201E-06   0.97990
FLUX  697  1072.50        2.795268E+14   1.9900E-06   2.0300E-06   0.98031
FLUX  698  1077.50        2.782297E+14   2.0102E-06   2.0397E-06   0.98553
FLUX  699  1082.50        2.769446E+14   1.9925E-06   2.0494E-06   0.97226
FLUX  700  1087.50        2.756713E+14   2.0249E-06   2.0589E-06   0.98348
FLUX  701  1092.50        2.744096E+14   2.0357E-06   2.0684E-06   0.98418
FLUX  702  1097.50        2.731595E+14   2.0384E-06   2.0778E-06   0.98101
FLUX  703  1102.50        2.719206E+14   2.0353E-06   2.0871E-06   0.97516
FLUX  704  1107.50        2.706930E+14   2.0330E-06   2.0963E-06   0.96981
FLUX  705  1112.50        2.694764E+14   2.0461E-06   2.1054E-06   0.97180
FLUX  706  1117.50        2.682707E+14   2.0493E-06   2.1145E-06   0.96917
FLUX  707  1122.50        2.670757E+14   2.0745E-06   2.1234E-06   0.97695
FLUX  708  1127.50        2.658913E+14   2.0608E-06   2.1323E-06   0.96644
FLUX  709  1132.50        2.647174E+14   2.0827E-06   2.1412E-06   0.97269
FLUX  710  1137.50        2.635538E+14   2.0570E-06   2.1500E-06   0.95677
FLUX  711  1142.50        2.624004E+14   2.0506E-06   2.1587E-06   0.94994
FLUX  712  1147.50        2.612571E+14   2.1245E-06   2.1673E-06   0.98027
FLUX  713  1152.50        2.601236E+14   2.1412E-06   2.1759E-06   0.98406
FLUX  714  1157.50        2.590000E+14   2.1407E-06   2.1844E-06   0.98001
FLUX  715  1162.50        2.578860E+14   2.1219E-06   2.1928E-06   0.96767
FLUX  716  1167.50        2.567816E+14   2.1404E-06   2.2012E-06   0.97238
FLUX  717  1172.50        2.556866E+14   2.1792E-06   2.2095E-06   0.98629
FLUX  718  1177.50        2.546008E+14   2.1378E-06   2.2178E-06   0.96394
FLUX  719  1182.50        2.535243E+14   2.1701E-06   2.2260E-06   0.97488
FLUX  720  1187.50        2.524568E+14   2.1575E-06   2.2342E-06   0.96568
FLUX  721  1192.50        2.513983E+14   2.2108E-06   2.2423E-06   0.98597
FLUX  722  1197.50        2.503486E+14   2.1599E-06   2.2504E-06   0.95980
FLUX  723  1202.50        2.493077E+14   2.2249E-06   2.2584E-06   0.98517
FLUX  724  1207.50        2.482754E+14   2.2248E-06   2.2663E-06   0.98165
FLUX  725  1212.50        2.472515E+14   2.2479E-06   2.2743E-06   0.98840
FLUX  726  1217.50        2.462361E+14   2.2585E-06   2.2822E-06   0.98962
FLUX  727  1222.50        2.452290E+14   2.2664E-06   2.2900E-06   0.98968
FLUX  728  1227.50        2.442301E+14   2.2724E-06   2.2979E-06   0.98892
FLUX  729  1232.50        2.432393E+14   2.2762E-06   2.3056E-06   0.98724
FLUX  730  1237.50        2.422566E+14   2.2892E-06   2.3134E-06   0.98954
FLUX  731  1242.50        2.412817E+14   2.2806E-06   2.3211E-06   0.98252
FLUX  732  1247.50        2.403146E+14   2.2987E-06   2.3288E-06   0.98707
FLUX  733  1252.50        2.393553E+14   2.2939E-06   2.3366E-06   0.98174
FLUX  734  1257.50        2.384036E+14   2.3113E-06   2.3443E-06   0.98595
FLUX  735  1262.50        2.374594E+14   2.3172E-06   2.3520E-06   0.98522
FLUX  736  1267.50        2.365227E+14   2.3134E-06   2.3596E-06   0.98039
FLUX  737  1272.50        2.355933E+14   2.3355E-06   2.3673E-06   0.98658
FLUX  738  1277.50        2.346712E+14   2.3487E-06   2.3750E-06   0.98891
FLUX  739  1282.50        2.337563E+14   2.3042E-06   2.3827E-06   0.96706
FLUX  740  1287.50        2.328485E+14   2.3517E-06   2.3905E-06   0.98379
FLUX  741  1292.50        2.319478E+14   2.3408E-06   2.3981E-06   0.97611
FLUX  742  1297.50        2.310539E+14   2.3802E-06   2.4058E-06   0.98933
FLUX  743  1302.50        2.301670E+14   2.3811E-06   2.4135E-06   0.98655
FLUX  744  1307.50        2.292868E+14   2.3919E-06   2.4212E-06   0.98789
FLUX  745  1312.50        2.284133E+14   2.3394E-06   2.4290E-06   0.96311
FLUX  746  1317.50        2.275465E+14   2.3721E-06   2.4368E-06   0.97346
FLUX  747  1322.50        2.266862E+14   2.4112E-06   2.4446E-06   0.98633
FLUX  748  1327.50        2.258324E+14   2.3937E-06   2.4525E-06   0.97600
FLUX  749  1332.50        2.249850E+14   2.3399E-06   2.4604E-06   0.95100
FLUX  750  1337.50        2.241439E+14   2.2936E-06   2.4684E-06   0.92921
FLUX  751  1342.50        2.233091E+14   2.2789E-06   2.4764E-06   0.92027
FLUX  752  1347.50        2.224805E+14   2.3261E-06   2.4844E-06   0.93628
FLUX  753  1352.50        2.216580E+14   2.3012E-06   2.4925E-06   0.92327
FLUX  754  1357.50        2.208416E+14   2.3207E-06   2.5006E-06   0.92806
FLUX  755  1362.50        2.200312E+14   2.3068E-06   2.5089E-06   0.91946
FLUX  756  1367.50        2.192267E+14   2.3586E-06   2.5172E-06   0.93699
FLUX  757  1372.50        2.184280E+14   2.3737E-06   2.5256E-06   0.93988
FLUX  758  1377.50        2.176352E+14   2.3870E-06   2.5340E-06   0.94198
FLUX  759  1382.50        2.168481E+14   2.3923E-06   2.5425E-06   0.94093
FLUX  760  1387.50        2.160667E+14   2.3594E-06   2.5511E-06   0.92484
FLUX  761  1392.50        2.152908E+14   2.2244E-06   2.5598E-06   0.86895
FLUX  762  1397.50        2.145206E+14   2.2819E-06   2.5687E-06   0.88836
FLUX  763  1402.50        2.137558E+14   2.3165E-06   2.5776E-06   0.89868
FLUX  764  1407.50        2.129964E+14   2.3394E-06   2.5867E-06   0.90439
FLUX  765  1412.50        2.122425E+14   2.3090E-06   2.5959E-06   0.88949
FLUX  766  1417.50        2.114938E+14   2.3265E-06   2.6051E-06   0.89305
FLUX  767  1422.50        2.107504E+14   2.3432E-06   2.6145E-06   0.89620
FLUX  768  1427.50        2.100123E+14   2.2918E-06   2.6242E-06   0.87332
FLUX  769  1432.50        2.092792E+14   2.3552E-06   2.6340E-06   0.89415
FLUX  770  1437.50        2.085513E+14   2.3490E-06   2.6440E-06   0.88842
FLUX  771  1442.50        2.078284E+14   2.3747E-06   2.6541E-06   0.89470
FLUX  772  1447.50        2.071105E+14   2.3821E-06   2.6643E-06   0.89409
FLUX  773  1452.50        2.063976E+14   2.3791E-06   2.6746E-06   0.88951
FLUX  774  1457.00        2.057601E+14   2.3858E-06   2.6841E-06   0.88889
FLUX  775  1462.00        2.050564E+14   2.3051E-06   2.6949E-06   0.85537
FLUX  776  1467.50        2.042879E+14   2.3286E-06   2.7071E-06   0.86020
FLUX  777  1472.50        2.035942E+14   2.3809E-06   2.7184E-06   0.87586
FLUX  778  1477.50        2.029052E+14   2.3623E-06   2.7300E-06   0.86531
FLUX  779  1482.50        2.022209E+14   2.3982E-06   2.7417E-06   0.87469
FLUX  780  1487.50        2.015412E+14   2.3835E-06   2.7536E-06   0.86559
FLUX  781  1492.50        2.008660E+14   2.4463E-06   2.7657E-06   0.88450
FLUX  782  1497.50        2.001953E+14   2.4855E-06   2.7781E-06   0.89467
FLUX  783  1502.50        1.995291E+14   2.3726E-06   2.7909E-06   0.85011
FLUX  784  1507.50        1.988673E+14   2.4518E-06   2.8041E-06   0.87436
FLUX  785  1512.50        1.982099E+14   2.4842E-06   2.8174E-06   0.88173
FLUX  786  1517.50        1.975568E+14   2.4868E-06   2.8309E-06   0.87842
FLUX  787  1522.50        1.969080E+14   2.5544E-06   2.8446E-06   0.89799
FLUX  788  1527.50        1.962635E+14   2.5063E-06   2.8586E-06   0.87674
FLUX  789  1532.50        1.956232E+14   2.5608E-06   2.8732E-06   0.89127
FLUX  790  1537.50        1.949870E+14   2.5175E-06   2.8882E-06   0.87165
FLUX  791  1542.50        1.943549E+14   2.4879E-06   2.9030E-06   0.85700
FLUX  792  1547.50        1.937270E+14   2.6136E-06   2.9181E-06   0.89562
FLUX  793  1552.50        1.931031E+14   2.5643E-06   2.9338E-06   0.87407
FLUX  794  1557.50        1.924831E+14   2.5841E-06   2.9496E-06   0.87610
FLUX  795  1562.50        1.918672E+14   2.6484E-06   2.9656E-06   0.89303
FLUX  796  1567.50        1.912552E+14   2.6532E-06   2.9815E-06   0.88989
FLUX  797  1572.50        1.906471E+14   2.6235E-06   2.9976E-06   0.87521
FLUX  798  1577.50        1.900428E+14   2.6094E-06   3.0138E-06   0.86579
FLUX  799  1582.50        1.894423E+14   2.7086E-06   3.0303E-06   0.89385
FLUX  800  1587.50        1.888457E+14   2.6824E-06   3.0466E-06   0.88044
FLUX  801  1592.50        1.882527E+14   2.7356E-06   3.0626E-06   0.89324
FLUX  802  1597.50        1.876635E+14   2.7825E-06   3.0782E-06   0.90393
FLUX  803  1605.00        1.867866E+14   2.7592E-06   3.1007E-06   0.88986
FLUX  804  1615.00        1.856300E+14   2.7631E-06   3.1283E-06   0.88325
FLUX  805  1625.00        1.844877E+14   2.7587E-06   3.1500E-06   0.87577
FLUX  806  1635.00        1.833593E+14   2.8354E-06   3.1610E-06   0.89699
FLUX  807  1645.00        1.822447E+14   2.8568E-06   3.1556E-06   0.90531
FLUX  808  1655.00        1.811435E+14   2.9036E-06   3.1387E-06   0.92511
FLUX  809  1665.00        1.800556E+14   2.8834E-06   3.1218E-06   0.92364
FLUX  810  1675.00        1.789806E+14   2.8174E-06   3.1049E-06   0.90741
FLUX  811  1685.00        1.779184E+14   2.8708E-06   3.0881E-06   0.92965
FLUX  812  1695.00        1.768687E+14   2.8597E-06   3.0713E-06   0.93109
FLUX  813  1705.00        1.758314E+14   2.8193E-06   3.0547E-06   0.92294
FLUX  814  1715.00        1.748061E+14   2.7141E-06   3.0381E-06   0.89336
FLUX  815  1725.00        1.737928E+14   2.7223E-06   3.0215E-06   0.90096
FLUX  816  1735.00        1.727911E+14   2.6672E-06   3.0050E-06   0.88758
FLUX  817  1745.00        1.718009E+14   2.6476E-06   2.9885E-06   0.88593
FLUX  818  1755.00        1.708219E+14   2.5584E-06   2.9721E-06   0.86082
FLUX  819  1765.00        1.698541E+14   2.5263E-06   2.9558E-06   0.85471
FLUX  820  1775.00        1.688972E+14   2.4655E-06   2.9396E-06   0.83872
FLUX  821  1785.00        1.679510E+14   2.4099E-06   2.9234E-06   0.82434
FLUX  822  1795.00        1.670153E+14   2.3978E-06   2.9072E-06   0.82478
FLUX  823  1805.00        1.660900E+14   2.3217E-06   2.8912E-06   0.80304
FLUX  824  1815.00        1.651749E+14   2.3168E-06   2.8752E-06   0.80579
FLUX  825  1825.00        1.642699E+14   2.2925E-06   2.8592E-06   0.80179
FLUX  826  1835.00        1.633747E+14   2.2965E-06   2.8433E-06   0.80768
FLUX  827  1845.00        1.624892E+14   2.1893E-06   2.8275E-06   0.77429
FLUX  828  1855.00        1.616132E+14   2.1586E-06   2.8118E-06   0.76768
FLUX  829  1865.00        1.607466E+14   2.1769E-06   2.7962E-06   0.77853
FLUX  830  1875.00        1.598893E+14   2.1565E-06   2.7806E-06   0.77555
FLUX  831  1885.00        1.590411E+14   2.2204E-06   2.7651E-06   0.80301
FLUX  832  1895.00        1.582018E+14   2.1879E-06   2.7497E-06   0.79569
FLUX  833  1905.00        1.573714E+14   2.2174E-06   2.7344E-06   0.81092
FLUX  834  1915.00        1.565496E+14   2.2206E-06   2.7192E-06   0.81661
FLUX  835  1925.00        1.557364E+14   2.2179E-06   2.7041E-06   0.82021
FLUX  836  1935.00        1.549315E+14   2.1466E-06   2.6891E-06   0.79824
FLUX  837  1945.00        1.541350E+14   2.1232E-06   2.6742E-06   0.79398
FLUX  838  1955.00        1.533465E+14   2.1620E-06   2.6593E-06   0.81298
FLUX  839  1965.00        1.525662E+14   2.1807E-06   2.6445E-06   0.82461
FLUX  840  1975.00        1.517937E+14   2.0645E-06   2.6298E-06   0.78502
FLUX  841  1985.00        1.510290E+14   2.0521E-06   2.6152E-06   0.78467
FLUX  842  1995.00        1.502719E+14   2.0536E-06   2.6007E-06   0.78964
FLUX  843  2005.00        1.495224E+14   2.1012E-06   2.5862E-06   0.81248
FLUX  844  2015.00        1.487804E+14   2.0706E-06   2.5718E-06   0.80511
FLUX  845  2025.00        1.480457E+14   2.0565E-06   2.5575E-06   0.80412
FLUX  846  2035.00        1.473182E+14   2.0692E-06   2.5433E-06   0.81360
FLUX  847  2045.00        1.465978E+14   2.0583E-06   2.5292E-06   0.81380
FLUX  848  2055.00        1.458844E+14   2.0669E-06   2.5152E-06   0.82176
FLUX  849  2065.00        1.451780E+14   2.0368E-06   2.5012E-06   0.81434
FLUX  850  2075.00        1.444783E+14   2.0595E-06   2.4873E-06   0.82799
FLUX  851  2085.00        1.437854E+14   2.0332E-06   2.4736E-06   0.82199
FLUX  852  2095.00        1.430990E+14   2.0444E-06   2.4599E-06   0.83109
FLUX  853  2105.00        1.424192E+14   2.0533E-06   2.4463E-06   0.83937
FLUX  854  2115.00        1.417459E+14   2.0541E-06   2.4328E-06   0.84437
FLUX  855  2125.00        1.410788E+14   2.0615E-06   2.4193E-06   0.85210
FLUX  856  2135.00        1.404180E+14   2.0765E-06   2.4060E-06   0.86305
FLUX  857  2145.00        1.397634E+14   2.0825E-06   2.3928E-06   0.87031
FLUX  858  2155.00        1.391148E+14   2.0886E-06   2.3797E-06   0.87766
FLUX  859  2165.00        1.384723E+14   2.1116E-06   2.3667E-06   0.89223
FLUX  860  2175.00        1.378356E+14   2.0919E-06   2.3537E-06   0.88877
FLUX  861  2185.00        1.372048E+14   2.1082E-06   2.3409E-06   0.90060
FLUX  862  2195.00        1.365797E+14   2.1099E-06   2.3281E-06   0.90629
FLUX  863  2205.00        1.359603E+14   2.0402E-06   2.3154E-06   0.88113
FLUX  864  2215.00        1.353465E+14   2.1303E-06   2.3027E-06   0.92512
FLUX  865  2225.00        1.347382E+14   2.0891E-06   2.2902E-06   0.91221
FLUX  866  2235.00        1.341353E+14   2.1123E-06   2.2777E-06   0.92741
FLUX  867  2245.00        1.335379E+14   2.1206E-06   2.2653E-06   0.93615
FLUX  868  2255.00        1.329457E+14   2.1218E-06   2.2530E-06   0.94179
FLUX  869  2265.00        1.323587E+14   2.0789E-06   2.2407E-06   0.92777
FLUX  870  2275.00        1.317769E+14   2.1109E-06   2.2285E-06   0.94723
FLUX  871  2285.00        1.312002E+14   2.0934E-06   2.2165E-06   0.94446
FLUX  872  2295.00        1.306285E+14   1.9114E-06   2.2045E-06   0.86705
FLUX  873  2305.00        1.300618E+14   1.9849E-06   2.1926E-06   0.90526
FLUX  874  2315.00        1.295000E+14   1.9820E-06   2.1808E-06   0.90882
FLUX  875  2325.00        1.289430E+14   1.8178E-06   2.1691E-06   0.83804
FLUX  876  2335.00        1.283908E+14   1.8542E-06   2.1574E-06   0.85946
FLUX  877  2345.00        1.278433E+14   1.8989E-06   2.1459E-06   0.88490
FLUX  878  2355.00        1.273004E+14   1.7447E-06   2.1344E-06   0.81740
FLUX  879  2365.00        1.267622E+14   1.8305E-06   2.1230E-06   0.86222
FLUX  880  2375.00        1.262284E+14   1.8478E-06   2.1117E-06   0.87501
FLUX  881  2385.00        1.256992E+14   1.6895E-06   2.1005E-06   0.80431
FLUX  882  2395.00        1.251743E+14   1.7425E-06   2.0894E-06   0.83397
FLUX  883  2405.00        1.246538E+14   1.6957E-06   2.0783E-06   0.81592
FLUX  884  2415.00        1.241377E+14   1.6136E-06   2.0673E-06   0.78052
FLUX  885  2425.00        1.236258E+14   1.6144E-06   2.0564E-06   0.78506
FLUX  886  2435.00        1.231181E+14   1.5859E-06   2.0455E-06   0.77530
FLUX  887  2445.00        1.226145E+14   1.5175E-06   2.0347E-06   0.74579
FLUX  888  2455.00        1.221151E+14   1.4896E-06   2.0240E-06   0.73595
FLUX  889  2465.00        1.216197E+14   1.4704E-06   2.0134E-06   0.73034
FLUX  890  2475.00        1.211283E+14   1.4348E-06   2.0028E-06   0.71643
FLUX  891  2485.00        1.206408E+14   1.3943E-06   1.9923E-06   0.69986
FLUX  892  2495.00        1.201573E+14   1.3945E-06   1.9818E-06   0.70363
FLUX  893  2505.00        1.196776E+14   1.3731E-06   1.9715E-06   0.69650
FLUX  894  2515.00        1.192018E+14   1.3300E-06   1.9612E-06   0.67816
FLUX  895  2525.00        1.187297E+14   1.2948E-06   1.9510E-06   0.66367
FLUX  896  2535.00        1.182613E+14   1.3071E-06   1.9409E-06   0.67346
FLUX  897  2545.00        1.177967E+14   1.3092E-06   1.9308E-06   0.67806
FLUX  898  2555.00        1.173356E+14   1.3170E-06   1.9208E-06   0.68567
FLUX  899  2565.00        1.168782E+14   1.2698E-06   1.9108E-06   0.66451
FLUX  900  2575.00        1.164243E+14   1.3068E-06   1.9010E-06   0.68743
FLUX  901  2585.00        1.159739E+14   1.3120E-06   1.8912E-06   0.69377
FLUX  902  2595.00        1.155270E+14   1.3090E-06   1.8814E-06   0.69574
FLUX  903  2605.00        1.150835E+14   1.3184E-06   1.8717E-06   0.70435
FLUX  904  2615.00        1.146434E+14   1.3623E-06   1.8621E-06   0.73157
FLUX  905  2625.00        1.142067E+14   1.3492E-06   1.8526E-06   0.72830
FLUX  906  2635.00        1.137732E+14   1.3597E-06   1.8431E-06   0.73772
FLUX  907  2645.00        1.133431E+14   1.3401E-06   1.8337E-06   0.73080
FLUX  908  2655.00        1.129162E+14   1.3635E-06   1.8243E-06   0.74737
FLUX  909  2665.00        1.124925E+14   1.3572E-06   1.8150E-06   0.74773
FLUX  910  2675.00        1.120720E+14   1.3280E-06   1.8058E-06   0.73541
FLUX  911  2685.00        1.116546E+14   1.3288E-06   1.7966E-06   0.73962
FLUX  912  2695.00        1.112403E+14   1.2780E-06   1.7875E-06   0.71495
FLUX  913  2705.00        1.108290E+14   1.2931E-06   1.7785E-06   0.72710
FLUX  914  2715.00        1.104208E+14   1.2524E-06   1.7695E-06   0.70774
FLUX  915  2725.00        1.100156E+14   1.2227E-06   1.7606E-06   0.69447
FLUX  916  2735.00        1.096133E+14   1.2273E-06   1.7518E-06   0.70062
FLUX  917  2745.00        1.092140E+14   1.2369E-06   1.7430E-06   0.70965
FLUX  918  2755.00        1.088176E+14   1.1980E-06   1.7342E-06   0.69080
FLUX  919  2765.00        1.084240E+14   1.1966E-06   1.7256E-06   0.69345
FLUX  920  2775.00        1.080333E+14   1.2021E-06   1.7170E-06   0.70013
FLUX  921  2785.00        1.076454E+14   1.1693E-06   1.7084E-06   0.68444
FLUX  922  2795.00        1.072603E+14   1.1971E-06   1.6999E-06   0.70423
FLUX  923  2805.00        1.068779E+14   1.1160E-06   1.6915E-06   0.65979
FLUX  924  2815.00        1.064982E+14   1.1481E-06   1.6831E-06   0.68212
FLUX  925  2825.00        1.061212E+14   1.1387E-06   1.6748E-06   0.67987
FLUX  926  2835.00        1.057469E+14   1.1321E-06   1.6666E-06   0.67928
FLUX  927  2845.00        1.053752E+14   1.1524E-06   1.6584E-06   0.69489
FLUX  928  2855.00        1.050061E+14   1.1167E-06   1.6502E-06   0.67669
FLUX  929  2865.00        1.046396E+14   1.1400E-06   1.6421E-06   0.69421
FLUX  930  2875.00        1.042757E+14   1.1312E-06   1.6340E-06   0.69225
FLUX  931  2885.00        1.039142E+14   1.1147E-06   1.6260E-06   0.68554
FLUX  932  2895.00        1.035553E+14   1.1356E-06   1.6181E-06   0.70183
FLUX  933  2905.00        1.031988E+14   1.0840E-06   1.6102E-06   0.67326
FLUX  934  2915.00        1.028448E+14   1.1382E-06   1.6023E-06   0.71034
FLUX  935  2925.00        1.024932E+14   1.0407E-06   1.5945E-06   0.65266
FLUX  936  2935.00        1.021440E+14   1.1287E-06   1.5867E-06   0.71135
FLUX  937  2945.00        1.017971E+14   1.0288E-06   1.5790E-06   0.65153
FLUX  938  2955.00        1.014526E+14   1.0949E-06   1.5714E-06   0.69675
FLUX  939  2965.00        1.011105E+14   1.0432E-06   1.5638E-06   0.66707
FLUX  940  2975.00        1.007706E+14   1.0854E-06   1.5562E-06   0.69745
FLUX  941  2985.00        1.004330E+14   1.0304E-06   1.5487E-06   0.66529
FLUX  942  2995.00        1.000977E+14   1.0868E-06   1.5413E-06   0.70511
FLUX  943  3005.00        9.976456E+13   1.0154E-06   1.5339E-06   0.66197
FLUX  944  3015.00        9.943366E+13   1.0912E-06   1.5266E-06   0.71480
FLUX  945  3025.00        9.910496E+13   1.0167E-06   1.5193E-06   0.66918
FLUX  946  3035.00        9.877842E+13   1.0634E-06   1.5120E-06   0.70330
FLUX  947  3045.00        9.845402E+13   1.0187E-06   1.5048E-06   0.67693
FLUX  948  3055.00        9.813175E+13   1.0534E-06   1.4976E-06   0.70335
FLUX  949  3065.00        9.781158E+13   1.0464E-06   1.4905E-06   0.70201
FLUX  950  3075.00        9.749349E+13   1.0330E-06   1.4834E-06   0.69638
FLUX  951  3085.00        9.717747E+13   1.0251E-06   1.4764E-06   0.69431
FLUX  952  3095.00        9.686349E+13   1.0098E-06   1.4694E-06   0.68718
FLUX  953  3105.00        9.655153E+13   1.0454E-06   1.4625E-06   0.71479
FLUX  954  3115.00        9.624157E+13   1.0129E-06   1.4556E-06   0.69587
FLUX  955  3125.00        9.593360E+13   1.0419E-06   1.4488E-06   0.71914
FLUX  956  3135.00        9.562759E+13   1.0068E-06   1.4420E-06   0.69822
FLUX  957  3145.00        9.532353E+13   1.0268E-06   1.4352E-06   0.71544
FLUX  958  3155.00        9.502139E+13   1.0176E-06   1.4285E-06   0.71234
FLUX  959  3165.00        9.472117E+13   1.0363E-06   1.4218E-06   0.72883
FLUX  960  3175.00        9.442283E+13   1.0139E-06   1.4152E-06   0.71643
FLUX  961  3185.00        9.412637E+13   1.0301E-06   1.4086E-06   0.73130
FLUX  962  3195.00        9.383177E+13   1.0164E-06   1.4020E-06   0.72493
FLUX  963  3210.00        9.339330E+13   1.0360E-06   1.3923E-06   0.74412
FLUX  964  3230.00        9.281501E+13   1.0250E-06   1.3794E-06   0.74303
FLUX  965  3250.00        9.224385E+13   1.0347E-06   1.3668E-06   0.75702
FLUX  966  3270.00        9.167966E+13   1.0323E-06   1.3543E-06   0.76228
FLUX  967  3290.00        9.112234E+13   1.0309E-06   1.3419E-06   0.76823
FLUX  968  3310.00        9.057175E+13   1.0435E-06   1.3297E-06   0.78470
FLUX  969  3330.00        9.002778E+13   1.0372E-06   1.3177E-06   0.78714
FLUX  970  3350.00        8.949030E+13   1.0384E-06   1.3058E-06   0.79519
FLUX  971  3370.00        8.895920E+13   1.0486E-06   1.2941E-06   0.81031
FLUX  972  3390.00        8.843436E+13   1.0369E-06   1.2825E-06   0.80847
FLUX  973  3410.00        8.791569E+13   1.0421E-06   1.2710E-06   0.81990
FLUX  974  3430.00        8.740306E+13   1.0609E-06   1.2597E-06   0.84214
FLUX  975  3450.00        8.689638E+13   1.0294E-06   1.2486E-06   0.82447
FLUX  976  3470.00        8.639553E+13   1.0573E-06   1.2376E-06   0.85432
FLUX  977  3490.00        8.590043E+13   1.0462E-06   1.2267E-06   0.85288
FLUX  978  3510.00        8.541097E+13   1.0409E-06   1.2160E-06   0.85600
FLUX  979  3530.00        8.492705E+13   1.0359E-06   1.2053E-06   0.85944
FLUX  980  3550.00        8.444859E+13   1.0476E-06   1.1949E-06   0.87674
FLUX  981  3570.00        8.397549E+13   1.0301E-06   1.1845E-06   0.86960
FLUX  982  3590.00        8.350766E+13   1.0319E-06   1.1743E-06   0.87874
FLUX  983  3610.00        8.304501E+13   1.0416E-06   1.1642E-06   0.89466
FLUX  984  3630.00        8.258746E+13   1.0255E-06   1.1542E-06   0.88844
FLUX  985  3650.00        8.213493E+13   1.0252E-06   1.1444E-06   0.89584
FLUX  986  3670.00        8.168733E+13   1.0239E-06   1.1346E-06   0.90240
FLUX  987  3690.00        8.124458E+13   1.0211E-06   1.1250E-06   0.90759
FLUX  988  3710.00        8.080660E+13   1.0095E-06   1.1155E-06   0.90493
FLUX  989  3730.00        8.037332E+13   1.0089E-06   1.1062E-06   0.91210
FLUX  990  3750.00        7.994467E+13   1.0188E-06   1.0969E-06   0.92880
FLUX  991  3770.00        7.952056E+13   9.9414E-07   1.0877E-06   0.91396
FLUX  992  3790.00        7.910092E+13   1.0095E-06   1.0787E-06   0.93587
FLUX  993  3810.00        7.868569E+13   9.9243E-07   1.0697E-06   0.92776
FLUX  994  3830.00        7.827480E+13   9.8537E-07   1.0609E-06   0.92885
FLUX  995  3850.00        7.786818E+13   9.8316E-07   1.0521E-06   0.93447
FLUX  996  3870.00        7.746576E+13   9.8295E-07   1.0435E-06   0.94200
FLUX  997  3890.00        7.706748E+13   9.6763E-07   1.0349E-06   0.93498
FLUX  998  3910.00        7.667327E+13   9.6309E-07   1.0265E-06   0.93824
FLUX  999  3930.00        7.628308E+13   9.5728E-07   1.0181E-06   0.94022
FLUX 1000  3950.00        7.589683E+13   9.5446E-07   1.0099E-06   0.94510
FLUX 1001  3970.00        7.551448E+13   9.4293E-07   1.0018E-06   0.94127
FLUX 1002  3990.00        7.513596E+13   9.1274E-07   9.9371E-07   0.91852
FLUX 1003  4010.00        7.476122E+13   9.1706E-07   9.8575E-07   0.93032
FLUX 1004  4030.00        7.439020E+13   9.1107E-07   9.7788E-07   0.93167
FLUX 1005  4050.00        7.402284E+13   8.8261E-07   9.7011E-07   0.90980
FLUX 1006  4070.00        7.365909E+13   8.7360E-07   9.6242E-07   0.90771
FLUX 1007  4090.00        7.329890E+13   8.6197E-07   9.5483E-07   0.90275
FLUX 1008  4110.00        7.294221E+13   8.6210E-07   9.4731E-07   0.91005
FLUX 1009  4130.00        7.258898E+13   8.4726E-07   9.3988E-07   0.90146
FLUX 1010  4150.00        7.223916E+13   8.4915E-07   9.3254E-07   0.91058
FLUX 1011  4170.00        7.189269E+13   8.2521E-07   9.2528E-07   0.89185
FLUX 1012  4190.00        7.154952E+13   8.3281E-07   9.1809E-07   0.90711
FLUX 1013  4210.00        7.120962E+13   8.1485E-07   9.1099E-07   0.89446
FLUX 1014  4230.00        7.087293E+13   8.2331E-07   9.0397E-07   0.91078
FLUX 1015  4250.00        7.053941E+13   8.0107E-07   8.9702E-07   0.89304
FLUX 1016  4270.00        7.020902E+13   7.9987E-07   8.9015E-07   0.89858
FLUX 1017  4290.00        6.988170E+13   7.7857E-07   8.8336E-07   0.88137
FLUX 1018  4310.00        6.955742E+13   7.3987E-07   8.7665E-07   0.84398
FLUX 1019  4330.00        6.923614E+13   7.5006E-07   8.7001E-07   0.86214
FLUX 1020  4350.00        6.891782E+13   7.1848E-07   8.6344E-07   0.83212
FLUX 1021  4370.00        6.860240E+13   7.0207E-07   8.5694E-07   0.81928
FLUX 1022  4390.00        6.828986E+13   6.9677E-07   8.5052E-07   0.81923
FLUX 1023  4410.00        6.798016E+13   6.7660E-07   8.4416E-07   0.80151
FLUX 1024  4430.00        6.767325E+13   6.6455E-07   8.3787E-07   0.79315
FLUX 1025  4450.00        6.736910E+13   6.6265E-07   8.3164E-07   0.79680
FLUX 1026  4470.00        6.706767E+13   6.4634E-07   8.2548E-07   0.78298
FLUX 1027  4490.00        6.676893E+13   6.4487E-07   8.1939E-07   0.78701
FLUX 1028  4510.00        6.647284E+13   6.3486E-07   8.1336E-07   0.78054
FLUX 1029  4530.00        6.617936E+13   6.2699E-07   8.0740E-07   0.77655
FLUX 1030  4550.00        6.588846E+13   6.2650E-07   8.0151E-07   0.78165
FLUX 1031  4570.00        6.560011E+13   6.2349E-07   7.9567E-07   0.78360
FLUX 1032  4590.00        6.531427E+13   6.1281E-07   7.8990E-07   0.77581
FLUX 1033  4610.00        6.503091E+13   6.1439E-07   7.8419E-07   0.78347
FLUX 1034  4630.00        6.475000E+13   6.0727E-07   7.7853E-07   0.78001
FLUX 1035  4650.00        6.447150E+13   6.1206E-07   7.7294E-07   0.79186
FLUX 1036  4670.00        6.419540E+13   6.0733E-07   7.6740E-07   0.79141
FLUX 1037  4690.00        6.392164E+13   6.0394E-07   7.6192E-07   0.79265
FLUX 1038  4710.00        6.365021E+13   6.0192E-07   7.5650E-07   0.79567
FLUX 1039  4730.00        6.338108E+13   6.0211E-07   7.5113E-07   0.80160
FLUX 1040  4750.00        6.311421E+13   5.9559E-07   7.4582E-07   0.79857
FLUX 1041  4770.00        6.284958E+13   5.8641E-07   7.4056E-07   0.79185
FLUX 1042  4790.00        6.258716E+13   5.9017E-07   7.3535E-07   0.80257
FLUX 1043  4810.00        6.232692E+13   5.7493E-07   7.3020E-07   0.78735
FLUX 1044  4830.00        6.206884E+13   5.8757E-07   7.2510E-07   0.81032
FLUX 1045  4850.00        6.181289E+13   5.7466E-07   7.2005E-07   0.79808
FLUX 1046  4870.00        6.155903E+13   5.6638E-07   7.1505E-07   0.79208
FLUX 1047  4890.00        6.130726E+13   5.6144E-07   7.1011E-07   0.79064
FLUX 1048  4910.00        6.105753E+13   5.7012E-07   7.0521E-07   0.80844
FLUX 1049  4930.00        6.080984E+13   5.5351E-07   7.0036E-07   0.79032
FLUX 1050  4950.00        6.056414E+13   5.5485E-07   6.9557E-07   0.79770
FLUX 1051  4970.00        6.032042E+13   5.4951E-07   6.9082E-07   0.79546
FLUX 1052  4990.00        6.007866E+13   5.4887E-07   6.8611E-07   0.79997
FLUX 1053  5010.00        5.983882E+13   5.3712E-07   6.8146E-07   0.78820
FLUX 1054  5030.00        5.960089E+13   5.3377E-07   6.7685E-07   0.78861
FLUX 1055  5050.00        5.936485E+13   5.3244E-07   6.7229E-07   0.79198
FLUX 1056  5070.00        5.913067E+13   5.3127E-07   6.6777E-07   0.79559
FLUX 1057  5090.00        5.889833E+13   5.2453E-07   6.6329E-07   0.79080
FLUX 1058  5110.00        5.866781E+13   5.2395E-07   6.5886E-07   0.79524
FLUX 1059  5130.00        5.843908E+13   5.1902E-07   6.5446E-07   0.79305
FLUX 1060  5150.00        5.821214E+13   5.2039E-07   6.5012E-07   0.80046
FLUX 1061  5170.00        5.798694E+13   5.0873E-07   6.4581E-07   0.78775
FLUX 1062  5190.00        5.776349E+13   5.0935E-07   6.4154E-07   0.79395
FLUX 1063  5210.00        5.754175E+13   5.1112E-07   6.3732E-07   0.80199
FLUX 1064  5230.00        5.732170E+13   5.0381E-07   6.3314E-07   0.79574
FLUX 1065  5250.00        5.710333E+13   4.9801E-07   6.2899E-07   0.79176
FLUX 1066  5270.00        5.688662E+13   5.0132E-07   6.2489E-07   0.80225
FLUX 1067  5290.00        5.667155E+13   4.9075E-07   6.2083E-07   0.79048
FLUX 1068  5310.00        5.645810E+13   4.9600E-07   6.1680E-07   0.80414
FLUX 1069  5330.00        5.624625E+13   4.8730E-07   6.1282E-07   0.79518
FLUX 1070  5350.00        5.603598E+13   4.8580E-07   6.0887E-07   0.79787
FLUX 1071  5370.00        5.582728E+13   4.8188E-07   6.0496E-07   0.79656
FLUX 1072  5390.00        5.562013E+13   4.8641E-07   6.0108E-07   0.80922
FLUX 1073  5410.00        5.541451E+13   4.7722E-07   5.9724E-07   0.79904
FLUX 1074  5430.00        5.521040E+13   4.6281E-07   5.9344E-07   0.77988
FLUX 1075  5450.00        5.500780E+13   4.7550E-07   5.8967E-07   0.80639
FLUX 1076  5470.00        5.480667E+13   4.7135E-07   5.8593E-07   0.80444
FLUX 1077  5490.00        5.460701E+13   4.7146E-07   5.8224E-07   0.80973
FLUX 1078  5510.00        5.440880E+13   4.6685E-07   5.7857E-07   0.80689
FLUX 1079  5530.00        5.421202E+13   4.6475E-07   5.7494E-07   0.80834
FLUX 1080  5550.00        5.401667E+13   4.5578E-07   5.7134E-07   0.79774
FLUX 1081  5570.00        5.382271E+13   4.5802E-07   5.6777E-07   0.80669
FLUX 1082  5590.00        5.363014E+13   4.6175E-07   5.6424E-07   0.81836
FLUX 1083  5610.00        5.343895E+13   4.5504E-07   5.6074E-07   0.81150
FLUX 1084  5630.00        5.324911E+13   4.5175E-07   5.5727E-07   0.81065
FLUX 1085  5650.00        5.306062E+13   4.5234E-07   5.5383E-07   0.81674
FLUX 1086  5670.00        5.287346E+13   4.4765E-07   5.5043E-07   0.81328
FLUX 1087  5690.00        5.268761E+13   4.4039E-07   5.4705E-07   0.80502
FLUX 1088  5710.00        5.250306E+13   4.4728E-07   5.4371E-07   0.82265
FLUX 1089  5730.00        5.231981E+13   4.3438E-07   5.4039E-07   0.80383
FLUX 1090  5750.00        5.213783E+13   4.5128E-07   5.3710E-07   0.84021
FLUX 1091  5770.00        5.195711E+13   4.3912E-07   5.3385E-07   0.82256
FLUX 1092  5790.00        5.177763E+13   4.3248E-07   5.3062E-07   0.81504
FLUX 1093  5810.00        5.159940E+13   4.4055E-07   5.2742E-07   0.83529
FLUX 1094  5830.00        5.142238E+13   4.3032E-07   5.2425E-07   0.82083
FLUX 1095  5850.00        5.124658E+13   4.3043E-07   5.2111E-07   0.82599
FLUX 1096  5870.00        5.107198E+13   4.3090E-07   5.1799E-07   0.83187
FLUX 1097  5890.00        5.089856E+13   4.3150E-07   5.1490E-07   0.83802
FLUX 1098  5910.00        5.072631E+13   4.2637E-07   5.1184E-07   0.83302
FLUX 1099  5930.00        5.055523E+13   4.2913E-07   5.0881E-07   0.84341
FLUX 1100  5950.00        5.038529E+13   4.2639E-07   5.0580E-07   0.84300
FLUX 1101  5970.00        5.021650E+13   4.2224E-07   5.0282E-07   0.83975
FLUX 1102  5990.00        5.004883E+13   4.2362E-07   4.9986E-07   0.84748
FLUX 1103  6010.00        4.988228E+13   4.2916E-07   4.9693E-07   0.86363
FLUX 1104  6030.00        4.971683E+13   4.1551E-07   4.9402E-07   0.84107
FLUX 1105  6050.00        4.955248E+13   4.1060E-07   4.9114E-07   0.83602
FLUX 1106  6070.00        4.938921E+13   4.2098E-07   4.8829E-07   0.86217
FLUX 1107  6090.00        4.922701E+13   4.2048E-07   4.8545E-07   0.86617
FLUX 1108  6110.00        4.906588E+13   4.0853E-07   4.8264E-07   0.84645
FLUX 1109  6130.00        4.890579E+13   4.2360E-07   4.7986E-07   0.88276
FLUX 1110  6150.00        4.874675E+13   4.1103E-07   4.7710E-07   0.86153
FLUX 1111  6170.00        4.858874E+13   4.1191E-07   4.7436E-07   0.86836
FLUX 1112  6190.00        4.843174E+13   4.1058E-07   4.7165E-07   0.87052
FLUX 1113  6210.00        4.827576E+13   4.0980E-07   4.6895E-07   0.87385
FLUX 1114  6230.00        4.812079E+13   4.1212E-07   4.6629E-07   0.88383
FLUX 1115  6250.00        4.796680E+13   4.0334E-07   4.6364E-07   0.86993
FLUX 1116  6270.00        4.781380E+13   3.9984E-07   4.6101E-07   0.86730
FLUX 1117  6290.00        4.766176E+13   4.0315E-07   4.5841E-07   0.87946
FLUX 1118  6310.00        4.751070E+13   3.9750E-07   4.5583E-07   0.87203
FLUX 1119  6330.00        4.736058E+13   3.9842E-07   4.5327E-07   0.87900
FLUX 1120  6350.00        4.721142E+13   3.8744E-07   4.5073E-07   0.85957
FLUX 1121  6370.00        4.706319E+13   3.9336E-07   4.4821E-07   0.87761
FLUX 1122  6390.00        4.691588E+13   3.8649E-07   4.4572E-07   0.86711
FLUX 1123  6420.00        4.669665E+13   3.7783E-07   4.4201E-07   0.85482
FLUX 1124  6460.00        4.640751E+13   3.5881E-07   4.3713E-07   0.82082
FLUX 1125  6500.00        4.612192E+13   3.4969E-07   4.3233E-07   0.80884
FLUX 1126  6540.00        4.583983E+13   3.4185E-07   4.2761E-07   0.79944
FLUX 1127  6580.00        4.556117E+13   3.2942E-07   4.2296E-07   0.77884
FLUX 1128  6620.00        4.528588E+13   3.2441E-07   4.1839E-07   0.77538
FLUX 1129  6660.00        4.501389E+13   3.2319E-07   4.1389E-07   0.78084
FLUX 1130  6700.00        4.474515E+13   3.1714E-07   4.0947E-07   0.77453
FLUX 1131  6740.00        4.447960E+13   3.1741E-07   4.0511E-07   0.78351
FLUX 1132  6780.00        4.421718E+13   3.0863E-07   4.0082E-07   0.77000
FLUX 1133  6820.00        4.395784E+13   3.0568E-07   3.9660E-07   0.77075
FLUX 1134  6860.00        4.370153E+13   3.0845E-07   3.9244E-07   0.78597
FLUX 1135  6900.00        4.344819E+13   3.0280E-07   3.8835E-07   0.77971
FLUX 1136  6940.00        4.319777E+13   2.9861E-07   3.8432E-07   0.77698
FLUX 1137  6980.00        4.295021E+13   3.0244E-07   3.8035E-07   0.79518
FLUX 1138  7020.00        4.270548E+13   2.9467E-07   3.7644E-07   0.78278
FLUX 1139  7060.00        4.246353E+13   2.9281E-07   3.7259E-07   0.78587
FLUX 1140  7100.00        4.222430E+13   2.8933E-07   3.6879E-07   0.78453
FLUX 1141  7140.00        4.198774E+13   2.8830E-07   3.6506E-07   0.78973
FLUX 1142  7180.00        4.175383E+13   2.8927E-07   3.6138E-07   0.80046
FLUX 1143  7220.00        4.152251E+13   2.8100E-07   3.5775E-07   0.78547
FLUX 1144  7260.00        4.129373E+13   2.8011E-07   3.5418E-07   0.79086
FLUX 1145  7300.00        4.106747E+13   2.8029E-07   3.5066E-07   0.79933
FLUX 1146  7340.00        4.084366E+13   2.7639E-07   3.4719E-07   0.79609
FLUX 1147  7380.00        4.062229E+13   2.7606E-07   3.4377E-07   0.80304
FLUX 1148  7420.00        4.040330E+13   2.7025E-07   3.4040E-07   0.79393
FLUX 1149  7460.00        4.018666E+13   2.7194E-07   3.3708E-07   0.80676
FLUX 1150  7500.00        3.997233E+13   2.6812E-07   3.3381E-07   0.80321
FLUX 1151  7540.00        3.976028E+13   2.6605E-07   3.3058E-07   0.80479
FLUX 1152  7580.00        3.955046E+13   2.6002E-07   3.2740E-07   0.79421
FLUX 1153  7620.00        3.934285E+13   2.5551E-07   3.2426E-07   0.78796
FLUX 1154  7660.00        3.913740E+13   2.5392E-07   3.2117E-07   0.79059
FLUX 1155  7700.00        3.893409E+13   2.5394E-07   3.1812E-07   0.79826
FLUX 1156  7740.00        3.873288E+13   2.4677E-07   3.1512E-07   0.78310
FLUX 1157  7780.00        3.853374E+13   2.4731E-07   3.1215E-07   0.79229
FLUX 1158  7820.00        3.833664E+13   2.4350E-07   3.0923E-07   0.78743
FLUX 1159  7860.00        3.814154E+13   2.4135E-07   3.0635E-07   0.78785
FLUX 1160  7900.00        3.794842E+13   2.3618E-07   3.0350E-07   0.77818
FLUX 1161  7940.00        3.775724E+13   2.3740E-07   3.0070E-07   0.78949
FLUX 1162  7980.00        3.756798E+13   2.3190E-07   2.9793E-07   0.77836
FLUX 1163  8020.00        3.738061E+13   2.3339E-07   2.9520E-07   0.79061
FLUX 1164  8060.00        3.719510E+13   2.2862E-07   2.9251E-07   0.78159
FLUX 1165  8100.00        3.701142E+13   2.2639E-07   2.8985E-07   0.78107
FLUX 1166  8140.00        3.682955E+13   2.2616E-07   2.8723E-07   0.78740
FLUX 1167  8180.00        3.664945E+13   2.2493E-07   2.8464E-07   0.79021
FLUX 1168  8220.00        3.647111E+13   2.2118E-07   2.8209E-07   0.78406
FLUX 1169  8260.00        3.629449E+13   2.2227E-07   2.7957E-07   0.79506
FLUX 1170  8300.00        3.611958E+13   2.1834E-07   2.7709E-07   0.78799
FLUX 1171  8340.00        3.594634E+13   2.1577E-07   2.7463E-07   0.78567
FLUX 1172  8380.00        3.577476E+13   2.1283E-07   2.7221E-07   0.78184
FLUX 1173  8420.00        3.560481E+13   2.1595E-07   2.6982E-07   0.80035
FLUX 1174  8460.00        3.543647E+13   2.1236E-07   2.6746E-07   0.79399
FLUX 1175  8500.00        3.526971E+13   2.0972E-07   2.6514E-07   0.79098
FLUX 1176  8540.00        3.510451E+13   2.1025E-07   2.6284E-07   0.79994
FLUX 1177  8580.00        3.494085E+13   2.0768E-07   2.6057E-07   0.79703
FLUX 1178  8620.00        3.477871E+13   2.0704E-07   2.5833E-07   0.80146
FLUX 1179  8660.00        3.461807E+13   2.0525E-07   2.5612E-07   0.80137
FLUX 1180  8700.00        3.445891E+13   2.0645E-07   2.5393E-07   0.81301
FLUX 1181  8740.00        3.430120E+13   2.0093E-07   2.5178E-07   0.79806
FLUX 1182  8780.00        3.414493E+13   2.0070E-07   2.4965E-07   0.80394
FLUX 1183  8820.00        3.399008E+13   1.9917E-07   2.4755E-07   0.80459
FLUX 1184  8860.00        3.383662E+13   1.9864E-07   2.4547E-07   0.80924
FLUX 1185  8900.00        3.368455E+13   1.9772E-07   2.4342E-07   0.81225
FLUX 1186  8940.00        3.353384E+13   1.9627E-07   2.4139E-07   0.81307
FLUX 1187  8980.00        3.338447E+13   1.9394E-07   2.3939E-07   0.81015
FLUX 1188  9020.00        3.323642E+13   1.9489E-07   2.3741E-07   0.82091
FLUX 1189  9060.00        3.308968E+13   1.9321E-07   2.3546E-07   0.82058
FLUX 1190  9100.00        3.294423E+13   1.9233E-07   2.3353E-07   0.82358
FLUX 1191  9140.00        3.280005E+13   1.9058E-07   2.3162E-07   0.82281
FLUX 1192  9180.00        3.265713E+13   1.8952E-07   2.2974E-07   0.82492
FLUX 1193  9220.00        3.251546E+13   1.8816E-07   2.2788E-07   0.82572
FLUX 1194  9260.00        3.237500E+13   1.8563E-07   2.2604E-07   0.82121
FLUX 1195  9300.00        3.223575E+13   1.8610E-07   2.2422E-07   0.82999
FLUX 1196  9340.00        3.209770E+13   1.8483E-07   2.2243E-07   0.83095
FLUX 1197  9380.00        3.196082E+13   1.8307E-07   2.2066E-07   0.82964
FLUX 1198  9420.00        3.182511E+13   1.8109E-07   2.1890E-07   0.82727
FLUX 1199  9460.00        3.169054E+13   1.7994E-07   2.1717E-07   0.82854
FLUX 1200  9500.00        3.155710E+13   1.7914E-07   2.1546E-07   0.83144
FLUX 1201  9540.00        3.142479E+13   1.8070E-07   2.1377E-07   0.84531
FLUX 1202  9580.00        3.129358E+13   1.7615E-07   2.1209E-07   0.83052
FLUX 1203  9620.00        3.116346E+13   1.7494E-07   2.1044E-07   0.83129
FLUX 1204  9660.00        3.103442E+13   1.7363E-07   2.0881E-07   0.83151
FLUX 1205  9700.00        3.090644E+13   1.7298E-07   2.0719E-07   0.83487
FLUX 1206  9740.00        3.077952E+13   1.7277E-07   2.0560E-07   0.84034
FLUX 1207  9780.00        3.065363E+13   1.7118E-07   2.0402E-07   0.83905
FLUX 1208  9820.00        3.052877E+13   1.7043E-07   2.0246E-07   0.84182
FLUX 1209  9860.00        3.040492E+13   1.6943E-07   2.0091E-07   0.84331
FLUX 1210  9900.00        3.028207E+13   1.6366E-07   1.9939E-07   0.82082
FLUX 1211  9940.00        3.016021E+13   1.6610E-07   1.9788E-07   0.83941
FLUX 1212  9980.00        3.003933E+13   1.6441E-07   1.9639E-07   0.83717
FLUX 1213 10020.00        2.991941E+13   1.6326E-07   1.9491E-07   0.83761
FLUX 1214 20000.00        1.498962E+13   4.6075E-08   5.1153E-08   0.90074
FLUX 1215 40000.00        7.494812E+12   1.2084E-08   1.2803E-08   0.94385
FLUX 1216 60000.00        4.996542E+12   5.4205E-09   5.6333E-09   0.96222
FLUX 1217 80000.00        3.747406E+12   3.0516E-09   3.1377E-09   0.97256
