FLUX   49    25.24        1.187767E+16   8.4818E-98   8.4819E-98   0.99998
FLUX   50    25.68        1.167416E+16   3.4555E-96   3.4555E-96   0.99998
FLUX   51    26.00        1.153048E+16   4.7289E-95   4.7289E-95   0.99998
FLUX   52    26.40        1.135578E+16   1.1372E-93   1.1372E-93   0.99998
FLUX   53    26.85        1.116546E+16   3.6225E-92   3.6226E-92   0.99998
FLUX   54    27.35        1.096133E+16   1.4799E-90   1.4799E-90   0.99998
FLUX   55    27.85        1.076454E+16   5.2896E-89   5.2897E-89   0.99998
FLUX   56    28.40        1.055607E+16   2.3306E-87   2.3306E-87   0.99998
FLUX   57    29.00        1.033767E+16   1.2262E-85   1.2262E-85   0.99998
FLUX   58    29.60        1.012812E+16   5.4711E-84   5.4712E-84   0.99998
FLUX   59    30.10        9.959883E+15   1.1542E-82   1.1543E-82   0.99986
FLUX   60    30.80        9.733523E+15   6.9607E-81   6.9608E-81   0.99998
FLUX   61    31.80        9.427437E+15   1.7681E-78   1.7682E-78   0.99998
FLUX   62    32.80        9.140015E+15   3.1857E-76   3.1858E-76   0.99998
FLUX   63    33.80        8.869601E+15   4.1938E-74   4.1938E-74   0.99998
FLUX   64    34.80        8.614727E+15   4.1509E-72   4.1510E-72   0.99998
FLUX   65    35.70        8.397549E+15   2.0712E-70   2.0712E-70   0.99998
FLUX   66    36.60        8.191052E+15   8.5078E-69   8.5079E-69   0.99998
FLUX   67    37.50        7.994467E+15   2.9102E-67   2.9103E-67   0.99998
FLUX   68    38.50        7.786818E+15   1.2097E-65   1.2097E-65   0.99998
FLUX   69    39.50        7.589683E+15   4.1437E-64   4.1437E-64   0.99998
FLUX   70    40.50        7.402284E+15   1.1876E-62   1.1876E-62   0.99998
FLUX   71    41.40        7.241364E+15   2.1128E-61   2.1128E-61   0.99998
FLUX   72    42.20        7.104087E+15   2.4552E-60   2.4552E-60   0.99998
FLUX   73    43.00        6.971919E+15   2.5987E-59   2.5987E-59   0.99998
FLUX   74    44.10        6.798016E+15   5.7745E-58   5.7746E-58   0.99998
FLUX   75    45.10        6.647284E+15   8.4562E-57   8.4563E-57   0.99998
FLUX   76    46.00        6.517228E+15   8.5486E-56   8.5488E-56   0.99998
FLUX   77    47.00        6.378564E+15   1.0048E-54   1.0048E-54   0.99998
FLUX   78    48.00        6.245677E+15   1.0624E-53   1.0624E-53   0.99998
FLUX   79    49.00        6.118214E+15   1.0180E-52   1.0180E-52   0.99998
FLUX   80    50.00        5.995850E+15   8.8806E-52   8.8807E-52   0.99998
FLUX   81    50.60        5.924753E+15   4.2149E-51   4.7905E-51   0.87986
FLUX   82    51.20        5.855322E+15   1.6096E-50   1.6271E-50   0.98919
FLUX   83    52.00        5.765240E+15   7.8707E-50   7.9398E-50   0.99130
FLUX   84    53.00        5.656462E+15   5.3715E-49   5.3716E-49   0.99998
FLUX   85    54.00        5.551713E+15   3.3603E-48   3.3781E-48   0.99474
FLUX   86    55.00        5.450773E+15   1.9837E-47   1.9837E-47   0.99998
FLUX   87    56.00        5.353437E+15   1.0911E-46   1.0911E-46   0.99998
FLUX   88    57.00        5.259517E+15   5.6412E-46   5.6413E-46   0.99998
FLUX   89    58.00        5.168836E+15   2.7220E-45   2.7513E-45   0.98933
FLUX   90    59.00        5.081229E+15   1.2684E-44   1.2687E-44   0.99974
FLUX   91    60.00        4.996542E+15   5.5480E-44   5.5491E-44   0.99980
FLUX   92    61.00        4.914631E+15   2.3082E-43   2.3082E-43   0.99998
FLUX   93    62.00        4.835363E+15   9.1522E-43   9.1533E-43   0.99988
FLUX   94    63.00        4.758611E+15   3.4682E-42   3.4685E-42   0.99991
FLUX   95    64.00        4.684258E+15   1.2593E-41   1.2593E-41   0.99998
FLUX   96    65.00        4.612192E+15   4.3875E-41   4.3876E-41   0.99998
FLUX   97    65.80        4.556117E+15   1.1576E-40   1.1576E-40   0.99998
FLUX   98    66.50        4.508158E+15   2.6504E-40   2.6518E-40   0.99948
FLUX   99    67.50        4.441370E+15   8.3975E-40   8.4006E-40   0.99962
FLUX  100    68.50        4.376533E+15   2.5693E-39   2.5694E-39   0.99998
FLUX  101    69.50        4.313561E+15   7.5990E-39   7.5991E-39   0.99998
FLUX  102    70.50        4.252376E+15   2.1726E-38   2.1764E-38   0.99825
FLUX  103    71.60        4.187046E+15   6.6834E-38   6.6835E-38   0.99998
FLUX  104    72.60        4.129373E+15   1.7970E-37   1.7971E-37   0.99998
FLUX  105    73.50        4.078809E+15   4.2736E-37   4.2739E-37   0.99992
FLUX  106    74.50        4.024060E+15   1.0906E-36   1.0910E-36   0.99969
FLUX  107    75.50        3.970762E+15   2.7123E-36   2.7132E-36   0.99967
FLUX  108    76.50        3.918856E+15   6.5809E-36   6.5814E-36   0.99992
FLUX  109    77.50        3.868290E+15   1.5580E-35   1.5586E-35   0.99965
FLUX  110    78.50        3.819013E+15   3.6067E-35   3.6068E-35   0.99998
FLUX  111    79.50        3.770975E+15   8.1230E-35   8.1636E-35   0.99503
FLUX  112    80.50        3.724130E+15   1.8054E-34   1.8087E-34   0.99816
FLUX  113    81.50        3.678436E+15   3.9251E-34   3.9260E-34   0.99976
FLUX  114    82.50        3.633848E+15   8.3553E-34   8.3559E-34   0.99993
FLUX  115    83.50        3.590329E+15   1.7450E-33   1.7451E-33   0.99993
FLUX  116    84.50        3.547840E+15   3.5758E-33   3.5785E-33   0.99926
FLUX  117    85.50        3.506345E+15   7.1835E-33   7.2088E-33   0.99650
FLUX  118    86.50        3.465809E+15   1.4179E-32   1.4276E-32   0.99320
FLUX  119    87.50        3.426200E+15   2.7494E-32   2.7809E-32   0.98868
FLUX  120    88.50        3.387486E+15   5.2541E-32   5.3319E-32   0.98540
FLUX  121    89.50        3.349637E+15   9.8984E-32   1.0067E-31   0.98322
FLUX  122    90.50        3.312624E+15   1.8285E-31   1.8728E-31   0.97635
FLUX  123    91.50        3.276421E+15   4.9602E-27   5.8695E-25   0.00845
FLUX  124    92.50        3.241000E+15   2.9482E-26   9.3609E-25   0.03150
FLUX  125    93.50        3.206337E+15   4.7668E-26   1.4180E-24   0.03362
FLUX  126    94.50        3.172407E+15   7.3499E-26   2.0217E-24   0.03636
FLUX  127    95.50        3.139188E+15   8.0888E-26   2.8131E-24   0.02875
FLUX  128    96.50        3.106658E+15   1.8137E-25   3.4869E-24   0.05202
FLUX  129    97.50        3.074795E+15   1.4388E-25   4.0815E-24   0.03525
FLUX  130    98.50        3.043579E+15   3.2597E-25   5.9769E-24   0.05454
FLUX  131    99.50        3.012990E+15   5.1705E-25   7.6343E-24   0.06773
FLUX  132   100.50        2.983010E+15   5.8904E-25   9.8211E-24   0.05998
FLUX  133   101.50        2.953621E+15   8.3078E-25   1.2381E-23   0.06710
FLUX  134   102.50        2.924805E+15   1.1388E-24   1.8259E-23   0.06237
FLUX  135   103.50        2.896546E+15   2.6309E-24   2.5344E-23   0.10381
FLUX  136   104.50        2.868828E+15   3.7233E-24   3.7134E-23   0.10027
FLUX  137   105.50        2.841635E+15   4.5829E-24   5.5397E-23   0.08273
FLUX  138   106.50        2.814953E+15   1.1564E-23   8.4200E-23   0.13734
FLUX  139   107.50        2.788767E+15   1.5646E-23   1.2989E-22   0.12046
FLUX  140   108.50        2.763064E+15   3.2022E-23   2.0218E-22   0.15838
FLUX  141   109.50        2.737831E+15   4.5570E-23   3.1512E-22   0.14461
FLUX  142   110.50        2.713054E+15   6.4279E-23   4.8863E-22   0.13155
FLUX  143   111.50        2.688722E+15   8.8563E-23   7.5053E-22   0.11800
FLUX  144   112.50        2.664822E+15   2.1856E-22   1.1366E-21   0.19229
FLUX  145   113.50        2.641344E+15   3.7968E-22   1.6938E-21   0.22416
FLUX  146   114.50        2.618275E+15   6.4623E-22   2.4806E-21   0.26051
FLUX  147   115.50        2.595606E+15   9.6527E-22   3.5567E-21   0.27139
FLUX  148   116.50        2.573326E+15   1.2218E-21   4.9724E-21   0.24572
FLUX  149   117.50        2.551426E+15   2.0107E-21   6.7175E-21   0.29932
FLUX  150   118.50        2.529894E+15   2.5317E-21   1.0654E-20   0.23762
FLUX  151   119.50        2.508724E+15   2.5927E-21   1.4712E-20   0.17622
FLUX  152   120.50        2.487905E+15   1.8627E-21   2.0095E-20   0.09269
FLUX  153   121.50        2.467428E+15   3.5494E-22   2.7161E-20   0.01307
FLUX  154   122.50        2.447286E+15   3.0462E-21   3.6409E-20   0.08367
FLUX  155   123.50        2.427470E+15   1.1002E-20   4.8433E-20   0.22716
FLUX  156   124.50        2.407972E+15   1.9317E-20   4.8747E-20   0.39627
FLUX  157   125.50        2.388785E+15   2.9243E-20   7.2544E-20   0.40311
FLUX  158   126.50        2.369901E+15   3.8377E-20   1.0087E-19   0.38044
FLUX  159   127.50        2.351314E+15   5.4491E-20   1.3548E-19   0.40222
FLUX  160   128.50        2.333016E+15   5.8693E-20   1.8005E-19   0.32599
FLUX  161   129.50        2.315000E+15   7.6935E-20   2.3618E-19   0.32575
FLUX  162   130.50        2.297261E+15   1.0204E-19   3.0736E-19   0.33200
FLUX  163   131.50        2.279791E+15   1.3007E-19   3.9664E-19   0.32792
FLUX  164   132.50        2.262585E+15   1.5318E-19   5.0684E-19   0.30222
FLUX  165   133.50        2.245637E+15   1.7698E-19   6.4106E-19   0.27607
FLUX  166   134.50        2.228940E+15   2.4332E-19   8.0264E-19   0.30315
FLUX  167   135.50        2.212491E+15   3.2665E-19   9.9821E-19   0.32723
FLUX  168   136.50        2.196282E+15   3.7130E-19   1.2370E-18   0.30016
FLUX  169   137.50        2.180309E+15   4.1381E-19   1.5197E-18   0.27231
FLUX  170   138.50        2.164567E+15   5.0959E-19   1.8546E-18   0.27478
FLUX  171   139.50        2.149050E+15   6.0239E-19   2.2562E-18   0.26699
FLUX  172   140.50        2.133754E+15   8.5187E-19   2.7406E-18   0.31083
FLUX  173   141.50        2.118675E+15   1.1084E-18   3.3306E-18   0.33280
FLUX  174   142.50        2.103807E+15   1.2515E-18   4.0559E-18   0.30856
FLUX  175   143.50        2.089146E+15   1.7854E-18   4.9443E-18   0.36111
FLUX  176   144.20        2.079005E+15   2.6185E-18   5.6854E-18   0.46057
FLUX  177   144.70        2.071821E+15   2.2242E-18   6.2813E-18   0.35410
FLUX  178   145.50        2.060430E+15   2.6565E-18   7.3665E-18   0.36062
FLUX  179   146.50        2.046365E+15   3.9340E-18   8.9812E-18   0.43802
FLUX  180   147.50        2.032492E+15   3.8233E-18   1.0925E-17   0.34995
FLUX  181   148.50        2.018805E+15   4.9464E-18   1.3256E-17   0.37313
FLUX  182   149.50        2.005301E+15   7.6884E-18   1.6036E-17   0.47945
FLUX  183   150.50        1.991977E+15   1.1279E-17   1.9349E-17   0.58292
FLUX  184   151.20        1.982755E+15   6.7634E-18   2.2022E-17   0.30712
FLUX  185   151.70        1.976220E+15   1.0930E-17   2.7502E-17   0.39742
FLUX  186   152.50        1.965852E+15   1.6660E-17   4.3920E-17   0.37932
FLUX  187   153.50        1.953046E+15   2.6036E-17   5.8430E-17   0.44559
FLUX  188   154.50        1.940405E+15   1.9073E-17   6.9216E-17   0.27555
FLUX  189   155.50        1.927926E+15   3.0138E-17   8.2314E-17   0.36613
FLUX  190   156.50        1.915607E+15   2.8531E-17   9.8390E-17   0.28998
FLUX  191   157.50        1.903444E+15   5.0222E-17   1.8721E-16   0.26827
FLUX  192   158.50        1.891435E+15   5.4504E-17   2.2024E-16   0.24747
FLUX  193   159.50        1.879577E+15   5.4647E-17   2.5927E-16   0.21077
FLUX  194   160.50        1.867866E+15   5.9353E-17   3.0505E-16   0.19456
FLUX  195   161.50        1.856300E+15   6.4234E-17   3.5862E-16   0.17911
FLUX  196   162.50        1.844877E+15   6.5563E-17   5.6987E-16   0.11505
FLUX  197   163.50        1.833593E+15   8.7159E-17   6.8334E-16   0.12755
FLUX  198   164.50        1.822447E+15   1.1691E-16   8.1983E-16   0.14260
FLUX  199   165.50        1.811435E+15   1.0379E-16   9.8050E-16   0.10585
FLUX  200   166.50        1.800556E+15   1.5983E-16   1.1727E-15   0.13629
FLUX  201   167.20        1.793017E+15   1.4135E-16   1.3257E-15   0.10663
FLUX  202   167.70        1.787671E+15   2.1104E-16   1.4589E-15   0.14466
FLUX  203   168.50        1.779184E+15   2.7197E-16   1.6836E-15   0.16154
FLUX  204   169.50        1.768687E+15   3.8031E-16   1.9940E-15   0.19073
FLUX  205   170.50        1.758314E+15   4.0675E-16   2.3539E-15   0.17280
FLUX  206   171.50        1.748061E+15   4.6114E-16   2.8435E-15   0.16217
FLUX  207   172.50        1.737928E+15   6.2660E-16   3.3275E-15   0.18831
FLUX  208   173.50        1.727911E+15   7.2200E-16   3.8789E-15   0.18613
FLUX  209   174.50        1.718009E+15   1.0030E-15   4.5034E-15   0.22272
FLUX  210   175.50        1.708219E+15   1.0408E-15   5.2076E-15   0.19987
FLUX  211   176.50        1.698541E+15   1.2638E-15   6.0005E-15   0.21062
FLUX  212   177.50        1.688972E+15   1.2753E-15   6.8905E-15   0.18508
FLUX  213   178.50        1.679510E+15   2.1934E-15   7.8864E-15   0.27812
FLUX  214   179.50        1.670153E+15   1.9438E-15   9.0006E-15   0.21597
FLUX  215   180.50        1.660900E+15   3.1317E-15   1.0244E-14   0.30572
FLUX  216   181.50        1.651749E+15   2.5107E-15   1.1630E-14   0.21589
FLUX  217   182.50        1.642699E+15   3.8346E-15   1.3173E-14   0.29108
FLUX  218   183.50        1.633747E+15   3.6116E-15   1.4891E-14   0.24254
FLUX  219   184.50        1.624892E+15   5.2191E-15   1.6798E-14   0.31071
FLUX  220   185.50        1.616132E+15   4.5119E-15   1.8914E-14   0.23855
FLUX  221   186.50        1.607466E+15   6.9516E-15   2.1259E-14   0.32699
FLUX  222   187.50        1.598893E+15   6.9197E-15   2.3877E-14   0.28981
FLUX  223   188.50        1.590411E+15   8.6357E-15   2.6746E-14   0.32288
FLUX  224   189.50        1.582018E+15   1.0804E-14   2.9912E-14   0.36121
FLUX  225   190.50        1.573714E+15   1.1679E-14   3.3392E-14   0.34975
FLUX  226   191.50        1.565496E+15   1.5938E-14   3.7221E-14   0.42821
FLUX  227   192.50        1.557364E+15   1.4755E-14   4.1427E-14   0.35617
FLUX  228   193.50        1.549315E+15   1.1423E-14   4.6041E-14   0.24811
FLUX  229   194.50        1.541350E+15   2.0573E-14   5.1104E-14   0.40257
FLUX  230   195.50        1.533465E+15   2.7669E-14   5.6649E-14   0.48842
FLUX  231   196.70        1.524110E+15   3.1155E-14   6.3993E-14   0.48684
FLUX  232   197.60        1.517168E+15   3.5580E-14   7.0044E-14   0.50797
FLUX  233   198.40        1.511051E+15   4.4273E-14   7.5838E-14   0.58379
FLUX  234   199.50        1.502719E+15   4.2386E-14   8.4481E-14   0.50172
FLUX  235   200.50        1.495224E+15   5.0598E-14   9.3082E-14   0.54358
FLUX  236   201.50        1.487804E+15   5.8250E-14   1.0245E-13   0.56855
FLUX  237   202.50        1.480457E+15   5.7368E-14   1.1265E-13   0.50926
FLUX  238   203.50        1.473182E+15   7.1635E-14   1.2373E-13   0.57896
FLUX  239   204.50        1.465978E+15   7.7393E-14   1.3575E-13   0.57011
FLUX  240   205.50        1.458844E+15   9.0551E-14   1.4880E-13   0.60854
FLUX  241   206.50        1.451780E+15   9.1459E-14   1.6294E-13   0.56130
FLUX  242   207.40        1.445480E+15   8.7166E-14   1.7665E-13   0.49343
FLUX  243   207.80        1.442697E+15   1.1322E-13   3.4688E-12   0.03264
FLUX  244   208.50        1.437854E+15   1.3568E-13   3.9607E-12   0.03426
FLUX  245   209.50        1.430990E+15   1.8027E-13   4.7849E-12   0.03767
FLUX  246   210.50        1.424192E+15   1.9946E-13   5.7836E-12   0.03449
FLUX  247   211.50        1.417459E+15   2.1242E-13   7.0033E-12   0.03033
FLUX  248   212.50        1.410788E+15   2.4580E-13   8.4538E-12   0.02908
FLUX  249   213.50        1.404180E+15   3.0119E-13   1.0171E-11   0.02961
FLUX  250   214.50        1.397634E+15   2.5163E-13   1.2221E-11   0.02059
FLUX  251   215.50        1.391148E+15   3.0712E-13   1.4637E-11   0.02098
FLUX  252   216.50        1.384723E+15   3.0811E-13   1.7424E-11   0.01768
FLUX  253   217.50        1.378356E+15   3.3917E-13   2.0627E-11   0.01644
FLUX  254   218.50        1.372048E+15   3.3183E-13   2.4344E-11   0.01363
FLUX  255   219.50        1.365797E+15   5.0248E-13   2.8539E-11   0.01761
FLUX  256   220.50        1.359603E+15   4.5302E-13   3.3249E-11   0.01363
FLUX  257   221.50        1.353465E+15   5.2817E-13   3.8487E-11   0.01372
FLUX  258   222.50        1.347382E+15   4.8761E-13   4.4846E-11   0.01087
FLUX  259   223.50        1.341353E+15   7.3779E-13   5.1378E-11   0.01436
FLUX  260   224.50        1.335379E+15   8.5116E-13   5.8495E-11   0.01455
FLUX  261   225.50        1.329457E+15   9.9674E-13   7.1263E-11   0.01399
FLUX  262   226.50        1.323587E+15   6.6549E-13   8.0209E-11   0.00830
FLUX  263   227.50        1.317769E+15   1.1407E-12   8.9682E-11   0.01272
FLUX  264   228.50        1.312002E+15   1.1504E-12   9.9675E-11   0.01154
FLUX  265   229.50        1.306285E+15   1.7146E-12   1.1017E-10   0.01556
FLUX  266   230.50        1.300618E+15   8.4365E-13   1.2124E-10   0.00696
FLUX  267   231.50        1.295000E+15   2.1692E-12   1.3279E-10   0.01634
FLUX  268   232.50        1.289430E+15   1.9014E-12   1.4477E-10   0.01313
FLUX  269   233.50        1.283908E+15   2.7154E-12   1.5946E-10   0.01703
FLUX  270   234.50        1.278433E+15   1.8547E-12   1.7239E-10   0.01076
FLUX  271   235.50        1.273004E+15   1.7966E-12   1.8574E-10   0.00967
FLUX  272   236.50        1.267622E+15   2.2679E-12   1.9948E-10   0.01137
FLUX  273   237.50        1.262284E+15   2.3118E-12   2.1359E-10   0.01082
FLUX  274   238.50        1.256992E+15   3.5138E-12   2.2810E-10   0.01540
FLUX  275   239.50        1.251743E+15   3.4817E-12   2.4303E-10   0.01433
FLUX  276   240.50        1.246538E+15   5.6120E-12   2.5836E-10   0.02172
FLUX  277   241.50        1.241377E+15   3.8476E-12   2.7410E-10   0.01404
FLUX  278   242.50        1.236258E+15   4.7058E-12   2.9027E-10   0.01621
FLUX  279   243.50        1.231181E+15   6.6757E-12   3.0689E-10   0.02175
FLUX  280   244.50        1.226145E+15   8.5922E-12   3.2857E-10   0.02615
FLUX  281   245.50        1.221151E+15   9.9070E-12   3.4607E-10   0.02863
FLUX  282   246.50        1.216197E+15   7.3425E-12   3.6401E-10   0.02017
FLUX  283   247.50        1.211283E+15   1.1700E-11   3.8241E-10   0.03059
FLUX  284   248.50        1.206408E+15   6.1971E-12   4.0131E-10   0.01544
FLUX  285   249.50        1.201573E+15   6.6806E-12   4.2071E-10   0.01588
FLUX  286   250.50        1.196776E+15   1.1305E-11   4.4437E-10   0.02544
FLUX  287   251.30        1.192967E+15   8.9356E-12   4.6062E-10   0.01940
FLUX  288   251.80        1.190598E+15   1.0341E-11   6.5462E-09   0.00158
FLUX  289   252.50        1.187297E+15   1.2216E-11   6.7910E-09   0.00180
FLUX  290   253.50        1.182613E+15   2.0895E-11   7.1443E-09   0.00292
FLUX  291   254.50        1.177967E+15   2.5339E-11   7.5024E-09   0.00338
FLUX  292   255.50        1.173356E+15   2.7161E-11   7.8672E-09   0.00345
FLUX  293   256.50        1.168782E+15   1.7840E-11   8.2396E-09   0.00217
FLUX  294   257.50        1.164243E+15   2.4920E-11   8.6196E-09   0.00289
FLUX  295   258.50        1.159739E+15   2.1247E-11   9.0073E-09   0.00236
FLUX  296   259.50        1.155270E+15   2.4286E-11   9.4021E-09   0.00258
FLUX  297   260.50        1.150835E+15   3.1548E-11   9.8057E-09   0.00322
FLUX  298   261.50        1.146434E+15   3.0466E-11   1.0218E-08   0.00298
FLUX  299   262.50        1.142067E+15   4.2565E-11   1.0640E-08   0.00400
FLUX  300   263.50        1.137732E+15   5.9396E-11   1.1365E-08   0.00523
FLUX  301   264.50        1.133431E+15   5.1035E-11   1.1800E-08   0.00432
FLUX  302   265.50        1.129162E+15   6.5414E-11   1.2244E-08   0.00534
FLUX  303   266.50        1.124925E+15   6.1640E-11   1.2698E-08   0.00485
FLUX  304   267.50        1.120720E+15   5.6305E-11   1.3161E-08   0.00428
FLUX  305   268.50        1.116546E+15   7.2470E-11   1.3633E-08   0.00532
FLUX  306   269.50        1.112403E+15   5.8382E-11   1.4115E-08   0.00414
FLUX  307   270.50        1.108290E+15   8.6250E-11   1.4971E-08   0.00576
FLUX  308   271.50        1.104208E+15   8.6986E-11   1.5460E-08   0.00563
FLUX  309   272.50        1.100156E+15   8.1048E-11   1.5958E-08   0.00508
FLUX  310   273.50        1.096133E+15   8.3818E-11   1.6465E-08   0.00509
FLUX  311   274.50        1.092140E+15   1.1280E-10   1.6981E-08   0.00664
FLUX  312   275.50        1.088176E+15   1.0999E-10   1.7506E-08   0.00628
FLUX  313   276.50        1.084240E+15   1.4217E-10   1.8039E-08   0.00788
FLUX  314   277.50        1.080333E+15   1.7855E-10   1.8582E-08   0.00961
FLUX  315   278.50        1.076454E+15   1.3128E-10   1.9135E-08   0.00686
FLUX  316   279.50        1.072603E+15   1.7539E-10   1.9699E-08   0.00890
FLUX  317   280.50        1.068779E+15   1.7826E-10   2.0275E-08   0.00879
FLUX  318   281.50        1.064982E+15   1.7896E-10   2.0862E-08   0.00858
FLUX  319   282.50        1.061212E+15   1.8858E-10   2.1461E-08   0.00879
FLUX  320   283.50        1.057469E+15   1.7297E-10   2.2072E-08   0.00784
FLUX  321   284.50        1.053752E+15   1.4989E-10   2.2695E-08   0.00660
FLUX  322   285.50        1.050061E+15   9.5774E-11   2.3330E-08   0.00411
FLUX  323   286.50        1.046396E+15   2.1192E-10   2.3977E-08   0.00884
FLUX  324   287.50        1.042757E+15   2.2647E-10   2.4636E-08   0.00919
FLUX  325   288.50        1.039142E+15   3.2311E-10   2.5307E-08   0.01277
FLUX  326   289.50        1.035553E+15   3.6470E-10   2.5989E-08   0.01403
FLUX  327   291.00        1.030215E+15   4.3589E-10   2.7290E-08   0.01597
FLUX  328   293.00        1.023183E+15   4.9831E-10   2.8707E-08   0.01736
FLUX  329   295.00        1.016246E+15   5.0648E-10   3.0220E-08   0.01676
FLUX  330   297.00        1.009402E+15   5.0881E-10   3.1728E-08   0.01604
FLUX  331   299.00        1.002650E+15   6.0691E-10   3.3287E-08   0.01823
FLUX  332   301.00        9.959884E+14   6.6628E-10   3.4900E-08   0.01909
FLUX  333   303.00        9.894142E+14   8.1045E-10   3.6565E-08   0.02216
FLUX  334   305.00        9.829262E+14   9.7585E-10   3.8279E-08   0.02549
FLUX  335   307.00        9.765228E+14   1.0124E-09   4.0043E-08   0.02528
FLUX  336   309.00        9.702023E+14   9.8807E-10   4.2067E-08   0.02349
FLUX  337   311.00        9.639630E+14   1.4264E-09   4.3911E-08   0.03248
FLUX  338   313.00        9.578035E+14   1.4764E-09   4.5861E-08   0.03219
FLUX  339   315.00        9.517222E+14   2.0573E-09   4.7798E-08   0.04304
FLUX  340   317.00        9.457177E+14   2.9594E-09   4.9784E-08   0.05945
FLUX  341   319.00        9.397884E+14   2.5832E-09   5.1826E-08   0.04984
FLUX  342   321.00        9.339330E+14   3.2148E-09   5.3927E-08   0.05961
FLUX  343   323.00        9.281501E+14   3.5303E-09   5.6133E-08   0.06289
FLUX  344   325.00        9.224385E+14   5.1295E-09   5.8332E-08   0.08794
FLUX  345   327.00        9.167966E+14   6.8043E-09   6.0588E-08   0.11230
FLUX  346   329.00        9.112234E+14   8.9440E-09   6.2932E-08   0.14212
FLUX  347   331.00        9.057175E+14   7.7590E-09   6.5301E-08   0.11882
FLUX  348   333.00        9.002778E+14   9.0508E-09   6.7726E-08   0.13364
FLUX  349   335.00        8.949030E+14   8.4884E-09   7.0204E-08   0.12091
FLUX  350   337.00        8.895920E+14   6.1733E-09   7.2755E-08   0.08485
FLUX  351   339.00        8.843436E+14   8.4379E-09   7.5383E-08   0.11193
FLUX  352   341.00        8.791569E+14   9.7537E-09   7.8044E-08   0.12498
FLUX  353   343.00        8.740306E+14   1.0798E-08   8.0763E-08   0.13370
FLUX  354   345.00        8.689638E+14   9.4267E-09   8.3560E-08   0.11281
FLUX  355   347.00        8.639553E+14   9.7089E-09   8.6420E-08   0.11235
FLUX  356   349.00        8.590043E+14   1.3036E-08   8.9342E-08   0.14592
FLUX  357   351.00        8.541097E+14   1.7767E-08   9.2326E-08   0.19244
FLUX  358   353.00        8.492705E+14   1.7294E-08   9.5373E-08   0.18133
FLUX  359   355.00        8.444859E+14   2.5705E-08   9.8498E-08   0.26097
FLUX  360   357.00        8.397549E+14   1.2542E-08   1.0171E-07   0.12331
FLUX  361   359.00        8.350766E+14   1.1212E-08   1.0499E-07   0.10680
FLUX  362   361.00        8.304501E+14   1.6836E-08   1.0833E-07   0.15542
FLUX  363   363.00        8.258746E+14   2.2443E-08   1.1173E-07   0.20086
FLUX  364   364.00        8.236058E+14   2.4128E-08   1.1346E-07   0.21265
FLUX  365   365.00        8.213493E+14   2.7938E-08   1.1522E-07   0.24248
FLUX  366   367.00        8.168733E+14   3.8444E-08   1.1879E-07   0.32363
FLUX  367   369.00        8.124458E+14   3.1002E-08   1.2243E-07   0.25323
FLUX  368   371.00        8.080660E+14   2.4780E-08   1.2614E-07   0.19645
FLUX  369   373.00        8.037332E+14   1.2001E-08   1.2990E-07   0.09238
FLUX  370   375.00        7.994467E+14   1.5481E-08   1.3373E-07   0.11576
FLUX  371   377.00        7.952056E+14   3.5248E-08   1.3855E-07   0.25441
FLUX  372   379.00        7.910092E+14   4.0492E-08   1.4255E-07   0.28405
FLUX  373   381.00        7.868569E+14   3.7331E-08   1.4661E-07   0.25462
FLUX  374   383.00        7.827480E+14   1.7339E-08   1.5074E-07   0.11503
FLUX  375   385.00        7.786818E+14   2.9551E-08   1.5493E-07   0.19073
FLUX  376   387.00        7.746576E+14   2.8767E-08   1.5919E-07   0.18071
FLUX  377   389.00        7.706748E+14   3.0616E-08   1.6352E-07   0.18723
FLUX  378   391.00        7.667327E+14   4.2240E-08   1.6792E-07   0.25155
FLUX  379   393.00        7.628308E+14   1.8044E-08   1.7238E-07   0.10467
FLUX  380   395.00        7.589683E+14   3.1326E-08   1.7691E-07   0.17708
FLUX  381   397.00        7.551448E+14   2.5160E-08   1.8149E-07   0.13863
FLUX  382   399.00        7.513596E+14   6.7909E-08   1.8614E-07   0.36483
FLUX  383   401.00        7.476122E+14   9.2534E-08   1.9086E-07   0.48483
FLUX  384   403.00        7.439020E+14   7.1132E-08   1.9565E-07   0.36357
FLUX  385   405.00        7.402284E+14   8.2542E-08   2.0050E-07   0.41169
FLUX  386   407.00        7.365909E+14   7.8993E-08   2.0541E-07   0.38457
FLUX  387   409.00        7.329890E+14   1.0636E-07   2.1037E-07   0.50558
FLUX  388   411.00        7.294221E+14   7.5547E-08   2.1540E-07   0.35073
FLUX  389   413.00        7.258898E+14   8.7642E-08   2.2048E-07   0.39751
FLUX  390   415.00        7.223916E+14   8.7002E-08   2.2563E-07   0.38559
FLUX  391   417.00        7.189269E+14   8.9047E-08   2.3085E-07   0.38573
FLUX  392   419.00        7.154952E+14   9.2215E-08   2.3612E-07   0.39055
FLUX  393   421.00        7.120962E+14   6.9144E-08   2.4144E-07   0.28639
FLUX  394   423.00        7.087293E+14   3.3911E-08   2.4681E-07   0.13739
FLUX  395   425.00        7.053941E+14   7.4991E-08   2.5224E-07   0.29729
FLUX  396   427.00        7.020902E+14   8.3959E-08   2.5773E-07   0.32576
FLUX  397   429.00        6.988170E+14   8.2929E-08   2.6328E-07   0.31499
FLUX  398   431.00        6.955742E+14   9.6220E-08   2.6888E-07   0.35786
FLUX  399   433.00        6.923614E+14   1.3525E-07   2.7454E-07   0.49265
FLUX  400   435.00        6.891782E+14   1.4146E-07   2.8025E-07   0.50477
FLUX  401   437.00        6.860240E+14   1.5408E-07   2.8602E-07   0.53872
FLUX  402   439.00        6.828986E+14   1.3228E-07   2.9183E-07   0.45328
FLUX  403   441.00        6.798016E+14   1.3830E-07   2.9770E-07   0.46456
FLUX  404   443.00        6.767325E+14   1.3372E-07   3.0362E-07   0.44041
FLUX  405   445.00        6.736910E+14   1.4304E-07   3.0959E-07   0.46203
FLUX  406   447.00        6.706767E+14   1.6320E-07   3.1561E-07   0.51709
FLUX  407   449.00        6.676893E+14   1.7300E-07   3.2169E-07   0.53779
FLUX  408   451.00        6.647284E+14   1.9634E-07   3.2782E-07   0.59893
FLUX  409   453.00        6.617936E+14   1.6034E-07   3.3400E-07   0.48005
FLUX  410   455.00        6.588846E+14   1.8336E-07   3.4023E-07   0.53893
FLUX  411   457.00        6.560011E+14   2.0788E-07   3.4652E-07   0.59990
FLUX  412   459.00        6.531427E+14   1.8206E-07   3.5285E-07   0.51596
FLUX  413   461.00        6.503091E+14   1.9742E-07   3.5924E-07   0.54955
FLUX  414   463.00        6.475000E+14   1.8977E-07   3.6567E-07   0.51896
FLUX  415   465.00        6.447150E+14   1.8169E-07   3.7216E-07   0.48820
FLUX  416   467.00        6.419540E+14   2.0045E-07   3.7869E-07   0.52932
FLUX  417   469.00        6.392164E+14   1.9411E-07   3.8527E-07   0.50381
FLUX  418   471.00        6.365021E+14   1.9383E-07   3.9190E-07   0.49458
FLUX  419   473.00        6.338108E+14   1.8814E-07   3.9858E-07   0.47204
FLUX  420   475.00        6.311421E+14   1.9555E-07   4.0530E-07   0.48249
FLUX  421   477.00        6.284958E+14   1.3463E-07   4.1206E-07   0.32671
FLUX  422   479.00        6.258716E+14   1.5935E-07   4.1888E-07   0.38043
FLUX  423   481.00        6.232692E+14   1.7272E-07   4.2573E-07   0.40571
FLUX  424   483.00        6.206884E+14   1.8690E-07   4.3263E-07   0.43200
FLUX  425   485.00        6.181289E+14   2.0810E-07   4.3960E-07   0.47337
FLUX  426   487.00        6.155903E+14   2.1944E-07   4.4659E-07   0.49137
FLUX  427   489.00        6.130726E+14   2.4013E-07   4.5362E-07   0.52937
FLUX  428   491.00        6.105753E+14   2.5232E-07   4.6069E-07   0.54770
FLUX  429   493.00        6.080984E+14   2.5150E-07   4.6780E-07   0.53761
FLUX  430   495.00        6.056414E+14   2.3761E-07   4.7496E-07   0.50028
FLUX  431   497.00        6.032042E+14   1.6391E-07   4.8215E-07   0.33996
FLUX  432   499.00        6.007866E+14   1.7601E-07   4.8938E-07   0.35966
FLUX  433   501.00        5.983882E+14   1.4383E-07   4.9665E-07   0.28960
FLUX  434   503.00        5.960089E+14   1.7040E-07   5.0396E-07   0.33813
FLUX  435   505.00        5.936485E+14   1.6932E-07   5.1130E-07   0.33116
FLUX  436   507.00        5.913067E+14   1.7559E-07   5.1868E-07   0.33853
FLUX  437   509.00        5.889833E+14   1.7708E-07   5.2609E-07   0.33660
FLUX  438   511.00        5.866781E+14   1.9005E-07   5.3354E-07   0.35621
FLUX  439   513.00        5.843908E+14   1.8792E-07   5.4102E-07   0.34735
FLUX  440   515.00        5.821214E+14   1.8036E-07   5.4854E-07   0.32880
FLUX  441   517.00        5.798694E+14   1.6487E-07   5.5609E-07   0.29649
FLUX  442   519.00        5.776349E+14   1.6081E-07   5.6366E-07   0.28530
FLUX  443   521.00        5.754175E+14   1.9967E-07   5.7127E-07   0.34952
FLUX  444   523.00        5.732170E+14   3.1617E-07   5.7891E-07   0.54614
FLUX  445   525.00        5.710333E+14   3.1703E-07   5.8657E-07   0.54048
FLUX  446   527.00        5.688662E+14   2.8992E-07   5.9426E-07   0.48786
FLUX  447   529.00        5.667155E+14   3.6860E-07   6.0198E-07   0.61231
FLUX  448   531.00        5.645810E+14   4.1189E-07   6.0973E-07   0.67553
FLUX  449   533.00        5.624625E+14   3.6697E-07   6.1751E-07   0.59427
FLUX  450   535.00        5.603598E+14   4.0205E-07   6.2531E-07   0.64296
FLUX  451   537.00        5.582728E+14   3.9240E-07   6.3314E-07   0.61977
FLUX  452   539.00        5.562013E+14   4.0252E-07   6.4100E-07   0.62796
FLUX  453   541.00        5.541451E+14   4.0568E-07   6.4888E-07   0.62521
FLUX  454   543.00        5.521040E+14   4.0833E-07   6.5677E-07   0.62172
FLUX  455   545.00        5.500780E+14   3.5995E-07   6.6469E-07   0.54153
FLUX  456   547.00        5.480667E+14   3.4129E-07   6.7263E-07   0.50740
FLUX  457   549.00        5.460701E+14   3.7752E-07   6.8059E-07   0.55470
FLUX  458   551.00        5.440880E+14   3.4710E-07   6.8857E-07   0.50408
FLUX  459   553.00        5.421202E+14   4.0933E-07   6.9658E-07   0.58763
FLUX  460   555.00        5.401667E+14   4.3814E-07   7.0461E-07   0.62182
FLUX  461   557.00        5.382271E+14   4.4363E-07   7.1266E-07   0.62250
FLUX  462   559.00        5.363014E+14   4.0159E-07   7.2072E-07   0.55721
FLUX  463   561.00        5.343895E+14   3.4354E-07   7.2880E-07   0.47138
FLUX  464   563.00        5.324911E+14   3.7304E-07   7.3691E-07   0.50622
FLUX  465   565.00        5.306062E+14   4.1211E-07   7.4503E-07   0.55315
FLUX  466   567.00        5.287346E+14   4.0670E-07   7.5316E-07   0.53998
FLUX  467   569.00        5.268761E+14   4.5331E-07   7.6131E-07   0.59544
FLUX  468   571.00        5.250306E+14   4.5248E-07   7.6947E-07   0.58804
FLUX  469   573.00        5.231981E+14   5.1585E-07   7.7765E-07   0.66335
FLUX  470   575.00        5.213783E+14   5.4811E-07   7.8583E-07   0.69749
FLUX  471   577.00        5.195711E+14   5.1400E-07   7.9403E-07   0.64733
FLUX  472   579.00        5.177763E+14   5.3481E-07   8.0224E-07   0.66665
FLUX  473   581.00        5.159940E+14   5.5176E-07   8.1046E-07   0.68080
FLUX  474   583.00        5.142238E+14   5.6940E-07   8.1869E-07   0.69550
FLUX  475   585.00        5.124658E+14   5.2842E-07   8.2693E-07   0.63901
FLUX  476   587.00        5.107198E+14   4.5970E-07   8.3519E-07   0.55041
FLUX  477   589.00        5.089856E+14   2.5329E-07   8.4345E-07   0.30030
FLUX  478   591.00        5.072631E+14   3.7929E-07   8.5173E-07   0.44532
FLUX  479   593.00        5.055523E+14   4.4092E-07   8.6001E-07   0.51269
FLUX  480   595.00        5.038529E+14   4.6033E-07   8.6830E-07   0.53015
FLUX  481   597.00        5.021650E+14   4.7909E-07   8.7660E-07   0.54653
FLUX  482   599.00        5.004883E+14   5.1564E-07   8.8490E-07   0.58271
FLUX  483   601.00        4.988228E+14   5.3098E-07   8.9321E-07   0.59447
FLUX  484   603.00        4.971683E+14   5.8356E-07   9.0153E-07   0.64730
FLUX  485   605.00        4.955248E+14   6.1576E-07   9.0986E-07   0.67677
FLUX  486   607.00        4.938921E+14   6.4420E-07   9.1819E-07   0.70160
FLUX  487   609.00        4.922701E+14   6.6574E-07   9.2652E-07   0.71854
FLUX  488   611.00        4.906588E+14   6.6342E-07   9.3486E-07   0.70965
FLUX  489   613.00        4.890579E+14   6.4073E-07   9.4320E-07   0.67932
FLUX  490   615.00        4.874675E+14   6.8865E-07   9.5154E-07   0.72373
FLUX  491   617.00        4.858874E+14   4.6700E-07   9.5989E-07   0.48651
FLUX  492   619.00        4.843174E+14   5.1383E-07   9.6823E-07   0.53069
FLUX  493   621.00        4.827576E+14   5.0416E-07   9.7658E-07   0.51626
FLUX  494   623.00        4.812079E+14   4.4216E-07   9.8492E-07   0.44893
FLUX  495   625.00        4.796680E+14   4.7423E-07   9.9327E-07   0.47745
FLUX  496   627.00        4.781380E+14   5.3731E-07   1.0016E-06   0.53644
FLUX  497   629.00        4.766176E+14   5.7787E-07   1.0100E-06   0.57216
FLUX  498   631.00        4.751070E+14   6.1939E-07   1.0183E-06   0.60824
FLUX  499   633.00        4.736058E+14   6.5358E-07   1.0267E-06   0.63660
FLUX  500   635.00        4.721142E+14   6.8481E-07   1.0350E-06   0.66164
FLUX  501   637.00        4.706319E+14   6.8290E-07   1.0433E-06   0.65452
FLUX  502   639.00        4.691588E+14   7.1183E-07   1.0517E-06   0.67685
FLUX  503   641.00        4.676950E+14   7.2347E-07   1.0600E-06   0.68251
FLUX  504   643.00        4.662403E+14   6.8504E-07   1.0683E-06   0.64121
FLUX  505   645.00        4.647946E+14   6.8350E-07   1.0767E-06   0.63483
FLUX  506   647.00        4.633578E+14   7.2075E-07   1.0850E-06   0.66429
FLUX  507   649.00        4.619299E+14   6.9619E-07   1.0933E-06   0.63678
FLUX  508   651.00        4.605107E+14   7.5450E-07   1.1016E-06   0.68491
FLUX  509   653.00        4.591003E+14   8.1084E-07   1.1099E-06   0.73055
FLUX  510   655.00        4.576985E+14   7.8871E-07   1.1184E-06   0.70520
FLUX  511   657.00        4.563052E+14   7.9402E-07   1.1267E-06   0.70472
FLUX  512   659.00        4.549203E+14   8.0835E-07   1.1350E-06   0.71221
FLUX  513   661.00        4.535439E+14   8.1218E-07   1.1433E-06   0.71040
FLUX  514   663.00        4.521757E+14   7.9639E-07   1.1515E-06   0.69159
FLUX  515   665.00        4.508158E+14   7.5031E-07   1.1598E-06   0.64694
FLUX  516   667.00        4.494640E+14   7.1619E-07   1.1680E-06   0.61316
FLUX  517   669.00        4.481203E+14   6.3625E-07   1.1763E-06   0.54091
FLUX  518   671.00        4.467846E+14   6.4892E-07   1.1845E-06   0.54785
FLUX  519   673.00        4.454569E+14   5.7680E-07   1.1927E-06   0.48361
FLUX  520   675.00        4.441370E+14   5.9662E-07   1.2009E-06   0.49680
FLUX  521   677.00        4.428250E+14   6.6138E-07   1.2091E-06   0.54700
FLUX  522   679.00        4.415206E+14   6.1228E-07   1.2173E-06   0.50299
FLUX  523   681.00        4.402239E+14   6.5954E-07   1.2255E-06   0.53819
FLUX  524   683.00        4.389348E+14   7.0594E-07   1.2336E-06   0.57224
FLUX  525   685.00        4.376533E+14   7.3858E-07   1.2418E-06   0.59478
FLUX  526   687.00        4.363792E+14   7.5119E-07   1.2499E-06   0.60099
FLUX  527   689.00        4.351125E+14   8.1474E-07   1.2580E-06   0.64762
FLUX  528   691.00        4.338531E+14   8.8504E-07   1.2662E-06   0.69899
FLUX  529   693.00        4.326010E+14   8.8021E-07   1.2743E-06   0.69076
FLUX  530   695.00        4.313561E+14   9.4249E-07   1.2824E-06   0.73497
FLUX  531   697.00        4.301184E+14   1.0120E-06   1.2904E-06   0.78421
FLUX  532   699.00        4.288877E+14   1.0293E-06   1.2985E-06   0.79272
FLUX  533   701.00        4.276640E+14   1.0675E-06   1.3065E-06   0.81701
FLUX  534   703.00        4.264474E+14   1.1065E-06   1.3146E-06   0.84172
FLUX  535   705.00        4.252376E+14   1.0529E-06   1.3226E-06   0.79613
FLUX  536   707.00        4.240346E+14   8.1210E-07   1.3306E-06   0.61034
FLUX  537   709.00        4.228385E+14   7.5398E-07   1.3386E-06   0.56327
FLUX  538   711.00        4.216491E+14   7.4114E-07   1.3465E-06   0.55040
FLUX  539   713.00        4.204663E+14   6.4040E-07   1.3545E-06   0.47280
FLUX  540   715.00        4.192902E+14   6.3507E-07   1.3624E-06   0.46613
FLUX  541   717.00        4.181206E+14   6.9619E-07   1.3703E-06   0.50804
FLUX  542   719.00        4.169576E+14   7.8489E-07   1.3782E-06   0.56949
FLUX  543   721.00        4.158010E+14   7.5910E-07   1.3861E-06   0.54764
FLUX  544   723.00        4.146508E+14   8.7159E-07   1.3940E-06   0.62526
FLUX  545   725.00        4.135069E+14   9.4245E-07   1.4020E-06   0.67223
FLUX  546   727.00        4.123693E+14   1.0273E-06   1.4098E-06   0.72871
FLUX  547   729.00        4.112380E+14   1.0846E-06   1.4176E-06   0.76507
FLUX  548   731.00        4.101129E+14   1.1424E-06   1.4257E-06   0.80131
FLUX  549   733.00        4.089939E+14   1.1738E-06   1.4335E-06   0.81887
FLUX  550   735.00        4.078809E+14   1.2171E-06   1.4412E-06   0.84448
FLUX  551   737.00        4.067741E+14   1.2813E-06   1.4489E-06   0.88433
FLUX  552   739.00        4.056732E+14   1.3134E-06   1.4566E-06   0.90168
FLUX  553   741.00        4.045783E+14   1.3290E-06   1.4643E-06   0.90756
FLUX  554   743.00        4.034892E+14   1.3601E-06   1.4720E-06   0.92398
FLUX  555   745.00        4.024060E+14   1.3681E-06   1.4797E-06   0.92461
FLUX  556   747.00        4.013286E+14   1.3953E-06   1.4873E-06   0.93812
FLUX  557   749.00        4.002570E+14   1.4078E-06   1.4949E-06   0.94176
FLUX  558   751.00        3.991911E+14   1.4304E-06   1.5025E-06   0.95200
FLUX  559   753.00        3.981308E+14   1.4495E-06   1.5101E-06   0.95991
FLUX  560   755.00        3.970762E+14   1.4590E-06   1.5176E-06   0.96139
FLUX  561   757.00        3.960271E+14   1.4660E-06   1.5252E-06   0.96125
FLUX  562   759.00        3.949835E+14   1.3999E-06   1.5327E-06   0.91336
FLUX  563   761.00        3.939455E+14   1.3690E-06   1.5402E-06   0.88888
FLUX  564   763.00        3.929128E+14   1.3387E-06   1.5476E-06   0.86500
FLUX  565   765.00        3.918856E+14   1.3248E-06   1.5551E-06   0.85194
FLUX  566   767.00        3.908638E+14   1.1768E-06   1.5625E-06   0.75312
FLUX  567   769.00        3.898472E+14   1.2163E-06   1.5699E-06   0.77475
FLUX  568   771.00        3.888359E+14   1.1776E-06   1.5773E-06   0.74658
FLUX  569   773.00        3.878299E+14   1.2597E-06   1.5847E-06   0.79491
FLUX  570   775.00        3.868290E+14   1.2291E-06   1.5920E-06   0.77206
FLUX  571   777.00        3.858333E+14   1.2455E-06   1.5994E-06   0.77875
FLUX  572   779.00        3.848427E+14   1.2606E-06   1.6067E-06   0.78464
FLUX  573   781.00        3.838572E+14   1.3211E-06   1.6139E-06   0.81855
FLUX  574   783.00        3.828768E+14   1.3021E-06   1.6212E-06   0.80315
FLUX  575   785.00        3.819013E+14   1.3254E-06   1.6284E-06   0.81393
FLUX  576   787.00        3.809307E+14   1.3715E-06   1.6357E-06   0.83850
FLUX  577   789.00        3.799651E+14   1.4206E-06   1.6429E-06   0.86469
FLUX  578   791.00        3.790044E+14   1.4122E-06   1.6500E-06   0.85588
FLUX  579   793.00        3.780485E+14   1.4365E-06   1.6572E-06   0.86686
FLUX  580   795.00        3.770975E+14   1.4448E-06   1.6643E-06   0.86814
FLUX  581   797.00        3.761512E+14   1.5189E-06   1.6714E-06   0.90875
FLUX  582   799.00        3.752096E+14   1.5153E-06   1.6785E-06   0.90280
FLUX  583   801.00        3.742728E+14   1.5397E-06   1.6855E-06   0.91346
FLUX  584   803.00        3.733406E+14   1.5634E-06   1.6925E-06   0.92370
FLUX  585   805.00        3.724130E+14   1.5850E-06   1.6995E-06   0.93258
FLUX  586   807.00        3.714901E+14   1.5893E-06   1.7065E-06   0.93131
FLUX  587   809.00        3.705717E+14   1.6146E-06   1.7135E-06   0.94228
FLUX  588   811.00        3.696578E+14   1.6385E-06   1.7204E-06   0.95242
FLUX  589   813.00        3.687485E+14   1.6672E-06   1.7273E-06   0.96521
FLUX  590   815.00        3.678436E+14   1.6808E-06   1.7342E-06   0.96919
FLUX  591   817.00        3.669431E+14   1.6852E-06   1.7410E-06   0.96793
FLUX  592   819.00        3.660470E+14   1.5221E-06   1.7479E-06   0.87081
FLUX  593   821.00        3.651553E+14   1.5963E-06   1.7547E-06   0.90973
FLUX  594   823.00        3.642679E+14   1.6413E-06   1.7615E-06   0.93177
FLUX  595   825.00        3.633848E+14   1.6512E-06   1.7682E-06   0.93382
FLUX  596   827.00        3.625060E+14   1.6610E-06   1.7750E-06   0.93578
FLUX  597   829.00        3.616315E+14   1.6288E-06   1.7817E-06   0.91416
FLUX  598   831.00        3.607611E+14   1.6206E-06   1.7884E-06   0.90619
FLUX  599   833.00        3.598950E+14   1.6168E-06   1.7951E-06   0.90071
FLUX  600   835.00        3.590329E+14   1.6245E-06   1.8017E-06   0.90162
FLUX  601   837.00        3.581750E+14   1.6282E-06   1.8083E-06   0.90040
FLUX  602   839.00        3.573212E+14   1.5521E-06   1.8149E-06   0.85519
FLUX  603   841.00        3.564715E+14   1.6565E-06   1.8215E-06   0.90944
FLUX  604   843.00        3.556257E+14   1.5708E-06   1.8280E-06   0.85927
FLUX  605   845.00        3.547840E+14   1.6077E-06   1.8346E-06   0.87634
FLUX  606   847.00        3.539463E+14   1.5906E-06   1.8411E-06   0.86398
FLUX  607   849.00        3.531125E+14   1.6162E-06   1.8475E-06   0.87478
FLUX  608   851.00        3.522826E+14   1.5610E-06   1.8540E-06   0.84195
FLUX  609   853.00        3.514566E+14   1.6250E-06   1.8604E-06   0.87346
FLUX  610   855.00        3.506345E+14   1.4870E-06   1.8668E-06   0.79653
FLUX  611   857.00        3.498162E+14   1.7049E-06   1.8732E-06   0.91014
FLUX  612   859.00        3.490017E+14   1.7163E-06   1.8796E-06   0.91312
FLUX  613   861.00        3.481911E+14   1.7334E-06   1.8859E-06   0.91916
FLUX  614   863.00        3.473841E+14   1.7667E-06   1.8922E-06   0.93367
FLUX  615   865.00        3.465809E+14   1.7768E-06   1.8985E-06   0.93590
FLUX  616   867.00        3.457814E+14   1.5880E-06   1.9048E-06   0.83373
FLUX  617   869.00        3.449856E+14   1.7221E-06   1.9110E-06   0.90116
FLUX  618   871.00        3.441935E+14   1.8367E-06   1.9172E-06   0.95801
FLUX  619   873.00        3.434049E+14   1.8401E-06   1.9234E-06   0.95667
FLUX  620   875.00        3.426200E+14   1.8547E-06   1.9296E-06   0.96121
FLUX  621   877.00        3.418387E+14   1.8504E-06   1.9357E-06   0.95593
FLUX  622   879.00        3.410609E+14   1.8863E-06   1.9418E-06   0.97142
FLUX  623   881.00        3.402866E+14   1.8454E-06   1.9479E-06   0.94738
FLUX  624   883.00        3.395159E+14   1.8597E-06   1.9540E-06   0.95173
FLUX  625   885.00        3.387486E+14   1.8931E-06   1.9600E-06   0.96588
FLUX  626   887.00        3.379848E+14   1.6688E-06   1.9660E-06   0.84884
FLUX  627   889.00        3.372244E+14   1.7038E-06   1.9720E-06   0.86397
FLUX  628   891.00        3.364674E+14   1.7508E-06   1.9780E-06   0.88511
FLUX  629   893.00        3.357139E+14   1.7626E-06   1.9840E-06   0.88844
FLUX  630   895.00        3.349637E+14   1.7329E-06   1.9899E-06   0.87084
FLUX  631   897.00        3.342168E+14   1.7637E-06   1.9958E-06   0.88371
FLUX  632   899.00        3.334733E+14   1.8150E-06   2.0017E-06   0.90674
FLUX  633   901.00        3.327331E+14   1.7832E-06   2.0075E-06   0.88824
FLUX  634   903.00        3.319961E+14   1.8365E-06   2.0133E-06   0.91220
FLUX  635   905.00        3.312624E+14   1.8870E-06   2.0191E-06   0.93457
FLUX  636   907.00        3.305320E+14   1.9170E-06   2.0249E-06   0.94672
FLUX  637   909.00        3.298047E+14   1.8890E-06   2.0306E-06   0.93024
FLUX  638   911.00        3.290807E+14   1.9110E-06   2.0364E-06   0.93844
FLUX  639   913.00        3.283598E+14   1.9571E-06   2.0421E-06   0.95841
FLUX  640   915.00        3.276421E+14   1.9735E-06   2.0477E-06   0.96374
FLUX  641   917.00        3.269275E+14   1.9878E-06   2.0534E-06   0.96804
FLUX  642   919.00        3.262160E+14   2.0098E-06   2.0590E-06   0.97610
FLUX  643   921.00        3.255076E+14   1.9970E-06   2.0646E-06   0.96723
FLUX  644   923.00        3.248023E+14   2.0046E-06   2.0702E-06   0.96831
FLUX  645   925.00        3.241000E+14   1.9925E-06   2.0758E-06   0.95987
FLUX  646   927.00        3.234008E+14   2.0089E-06   2.0813E-06   0.96517
FLUX  647   929.00        3.227045E+14   1.9976E-06   2.0869E-06   0.95721
FLUX  648   931.00        3.220113E+14   2.0239E-06   2.0924E-06   0.96725
FLUX  649   933.00        3.213210E+14   2.0329E-06   2.0979E-06   0.96905
FLUX  650   935.00        3.206337E+14   2.0391E-06   2.1033E-06   0.96949
FLUX  651   937.00        3.199493E+14   2.0176E-06   2.1088E-06   0.95674
FLUX  652   939.00        3.192678E+14   2.0493E-06   2.1142E-06   0.96932
FLUX  653   941.00        3.185893E+14   2.0415E-06   2.1196E-06   0.96316
FLUX  654   943.00        3.179136E+14   2.0688E-06   2.1250E-06   0.97358
FLUX  655   945.00        3.172407E+14   2.0407E-06   2.1303E-06   0.95795
FLUX  656   947.00        3.165707E+14   2.0807E-06   2.1356E-06   0.97428
FLUX  657   949.00        3.159036E+14   2.0975E-06   2.1409E-06   0.97972
FLUX  658   951.00        3.152392E+14   2.0991E-06   2.1462E-06   0.97804
FLUX  659   953.00        3.145776E+14   2.0966E-06   2.1515E-06   0.97447
FLUX  660   955.00        3.139188E+14   2.0684E-06   2.1567E-06   0.95903
FLUX  661   957.00        3.132628E+14   2.1007E-06   2.1619E-06   0.97169
FLUX  662   959.00        3.126095E+14   2.1348E-06   2.1671E-06   0.98511
FLUX  663   961.00        3.119589E+14   2.1014E-06   2.1723E-06   0.96737
FLUX  664   963.00        3.113110E+14   2.1378E-06   2.1774E-06   0.98180
FLUX  665   965.00        3.106658E+14   2.0465E-06   2.1826E-06   0.93765
FLUX  666   967.00        3.100233E+14   2.0691E-06   2.1877E-06   0.94581
FLUX  667   969.00        3.093834E+14   2.1325E-06   2.1927E-06   0.97254
FLUX  668   971.00        3.087461E+14   2.1169E-06   2.1978E-06   0.96319
FLUX  669   973.00        3.081115E+14   2.0819E-06   2.2028E-06   0.94509
FLUX  670   975.00        3.074795E+14   2.0861E-06   2.2078E-06   0.94487
FLUX  671   977.00        3.068500E+14   2.1190E-06   2.2128E-06   0.95758
FLUX  672   979.00        3.062232E+14   2.0723E-06   2.2178E-06   0.93439
FLUX  673   981.00        3.055989E+14   2.1536E-06   2.2227E-06   0.96890
FLUX  674   983.00        3.049771E+14   2.1171E-06   2.2277E-06   0.95039
FLUX  675   985.00        3.043579E+14   2.1587E-06   2.2326E-06   0.96689
FLUX  676   987.00        3.037411E+14   2.1700E-06   2.2375E-06   0.96983
FLUX  677   989.00        3.031269E+14   2.1784E-06   2.2423E-06   0.97150
FLUX  678   991.00        3.025151E+14   2.1672E-06   2.2472E-06   0.96439
FLUX  679   993.00        3.019058E+14   2.1730E-06   2.2520E-06   0.96491
FLUX  680   995.00        3.012990E+14   2.1880E-06   2.2568E-06   0.96953
FLUX  681   997.00        3.006946E+14   2.2018E-06   2.2616E-06   0.97355
FLUX  682   999.00        3.000926E+14   2.2102E-06   2.2663E-06   0.97522
FLUX  683  1002.50        2.990449E+14   2.2018E-06   2.2746E-06   0.96799
FLUX  684  1007.50        2.975608E+14   2.2192E-06   2.2864E-06   0.97059
FLUX  685  1012.50        2.960914E+14   2.2475E-06   2.2980E-06   0.97802
FLUX  686  1017.50        2.946364E+14   2.2559E-06   2.3096E-06   0.97675
FLUX  687  1022.50        2.931956E+14   2.2747E-06   2.3210E-06   0.98006
FLUX  688  1027.50        2.917689E+14   2.2981E-06   2.3323E-06   0.98535
FLUX  689  1032.50        2.903559E+14   2.2835E-06   2.3435E-06   0.97439
FLUX  690  1037.50        2.889566E+14   2.3082E-06   2.3546E-06   0.98028
FLUX  691  1042.50        2.875707E+14   2.3401E-06   2.3656E-06   0.98922
FLUX  692  1047.50        2.861981E+14   2.3365E-06   2.3765E-06   0.98316
FLUX  693  1052.50        2.848385E+14   2.3671E-06   2.3873E-06   0.99154
FLUX  694  1057.50        2.834917E+14   2.3624E-06   2.3979E-06   0.98519
FLUX  695  1062.50        2.821576E+14   2.3863E-06   2.4084E-06   0.99081
FLUX  696  1067.50        2.808361E+14   2.3752E-06   2.4189E-06   0.98196
FLUX  697  1072.50        2.795268E+14   2.3884E-06   2.4292E-06   0.98322
FLUX  698  1077.50        2.782297E+14   2.4079E-06   2.4394E-06   0.98707
FLUX  699  1082.50        2.769446E+14   2.3828E-06   2.4496E-06   0.97271
FLUX  700  1087.50        2.756713E+14   2.4241E-06   2.4597E-06   0.98552
FLUX  701  1092.50        2.744096E+14   2.4414E-06   2.4697E-06   0.98850
FLUX  702  1097.50        2.731595E+14   2.4401E-06   2.4797E-06   0.98405
FLUX  703  1102.50        2.719206E+14   2.4461E-06   2.4895E-06   0.98257
FLUX  704  1107.50        2.706930E+14   2.4554E-06   2.4992E-06   0.98244
FLUX  705  1112.50        2.694764E+14   2.4660E-06   2.5089E-06   0.98289
FLUX  706  1117.50        2.682707E+14   2.4684E-06   2.5185E-06   0.98009
FLUX  707  1122.50        2.670757E+14   2.4934E-06   2.5280E-06   0.98630
FLUX  708  1127.50        2.658913E+14   2.4690E-06   2.5375E-06   0.97300
FLUX  709  1132.50        2.647174E+14   2.4995E-06   2.5470E-06   0.98136
FLUX  710  1137.50        2.635538E+14   2.4732E-06   2.5563E-06   0.96747
FLUX  711  1142.50        2.624004E+14   2.4656E-06   2.5656E-06   0.96102
FLUX  712  1147.50        2.612571E+14   2.5419E-06   2.5748E-06   0.98722
FLUX  713  1152.50        2.601236E+14   2.5635E-06   2.5840E-06   0.99205
FLUX  714  1157.50        2.590000E+14   2.5583E-06   2.5931E-06   0.98658
FLUX  715  1162.50        2.578860E+14   2.5326E-06   2.6021E-06   0.97329
FLUX  716  1167.50        2.567816E+14   2.5586E-06   2.6111E-06   0.97989
FLUX  717  1172.50        2.556866E+14   2.6033E-06   2.6201E-06   0.99358
FLUX  718  1177.50        2.546008E+14   2.5598E-06   2.6290E-06   0.97369
FLUX  719  1182.50        2.535243E+14   2.5805E-06   2.6379E-06   0.97823
FLUX  720  1187.50        2.524568E+14   2.5714E-06   2.6467E-06   0.97153
FLUX  721  1192.50        2.513983E+14   2.6384E-06   2.6556E-06   0.99354
FLUX  722  1197.50        2.503486E+14   2.5653E-06   2.6644E-06   0.96283
FLUX  723  1202.50        2.493077E+14   2.6463E-06   2.6731E-06   0.98998
FLUX  724  1207.50        2.482754E+14   2.6399E-06   2.6819E-06   0.98437
FLUX  725  1212.50        2.472515E+14   2.6734E-06   2.6906E-06   0.99363
FLUX  726  1217.50        2.462361E+14   2.6867E-06   2.6993E-06   0.99535
FLUX  727  1222.50        2.452290E+14   2.6948E-06   2.7080E-06   0.99513
FLUX  728  1227.50        2.442301E+14   2.6994E-06   2.7167E-06   0.99365
FLUX  729  1232.50        2.432393E+14   2.7047E-06   2.7254E-06   0.99239
FLUX  730  1237.50        2.422566E+14   2.7190E-06   2.7341E-06   0.99448
FLUX  731  1242.50        2.412817E+14   2.7118E-06   2.7428E-06   0.98869
FLUX  732  1247.50        2.403146E+14   2.7335E-06   2.7516E-06   0.99345
FLUX  733  1252.50        2.393553E+14   2.7262E-06   2.7603E-06   0.98765
FLUX  734  1257.50        2.384036E+14   2.7485E-06   2.7690E-06   0.99261
FLUX  735  1262.50        2.374594E+14   2.7532E-06   2.7777E-06   0.99119
FLUX  736  1267.50        2.365227E+14   2.7471E-06   2.7864E-06   0.98588
FLUX  737  1272.50        2.355933E+14   2.7733E-06   2.7952E-06   0.99217
FLUX  738  1277.50        2.346712E+14   2.7886E-06   2.8041E-06   0.99448
FLUX  739  1282.50        2.337563E+14   2.7311E-06   2.8130E-06   0.97089
FLUX  740  1287.50        2.328485E+14   2.7879E-06   2.8219E-06   0.98794
FLUX  741  1292.50        2.319478E+14   2.7704E-06   2.8309E-06   0.97864
FLUX  742  1297.50        2.310539E+14   2.8209E-06   2.8399E-06   0.99329
FLUX  743  1302.50        2.301670E+14   2.8207E-06   2.8490E-06   0.99006
FLUX  744  1307.50        2.292868E+14   2.8384E-06   2.8582E-06   0.99305
FLUX  745  1312.50        2.284133E+14   2.7683E-06   2.8675E-06   0.96542
FLUX  746  1317.50        2.275465E+14   2.8105E-06   2.8768E-06   0.97696
FLUX  747  1322.50        2.266862E+14   2.8626E-06   2.8862E-06   0.99183
FLUX  748  1327.50        2.258324E+14   2.8456E-06   2.8956E-06   0.98272
FLUX  749  1332.50        2.249850E+14   2.8276E-06   2.9051E-06   0.97334
FLUX  750  1337.50        2.241439E+14   2.8302E-06   2.9147E-06   0.97102
FLUX  751  1342.50        2.233091E+14   2.8301E-06   2.9244E-06   0.96775
FLUX  752  1347.50        2.224805E+14   2.8606E-06   2.9343E-06   0.97487
FLUX  753  1352.50        2.216580E+14   2.8548E-06   2.9444E-06   0.96958
FLUX  754  1357.50        2.208416E+14   2.8628E-06   2.9546E-06   0.96892
FLUX  755  1362.50        2.200312E+14   2.8472E-06   2.9650E-06   0.96030
FLUX  756  1367.50        2.192267E+14   2.8985E-06   2.9754E-06   0.97415
FLUX  757  1372.50        2.184280E+14   2.9187E-06   2.9860E-06   0.97747
FLUX  758  1377.50        2.176352E+14   2.9249E-06   2.9967E-06   0.97605
FLUX  759  1382.50        2.168481E+14   2.9404E-06   3.0075E-06   0.97771
FLUX  760  1387.50        2.160667E+14   2.9112E-06   3.0184E-06   0.96448
FLUX  761  1392.50        2.152908E+14   2.7842E-06   3.0295E-06   0.91903
FLUX  762  1397.50        2.145206E+14   2.8620E-06   3.0409E-06   0.94117
FLUX  763  1402.50        2.137558E+14   2.8858E-06   3.0524E-06   0.94540
FLUX  764  1407.50        2.129964E+14   2.9272E-06   3.0642E-06   0.95527
FLUX  765  1412.50        2.122425E+14   2.9107E-06   3.0763E-06   0.94618
FLUX  766  1417.50        2.114938E+14   2.9383E-06   3.0886E-06   0.95133
FLUX  767  1422.50        2.107504E+14   2.9488E-06   3.1011E-06   0.95087
FLUX  768  1427.50        2.100123E+14   2.8735E-06   3.1139E-06   0.92282
FLUX  769  1432.50        2.092792E+14   2.9688E-06   3.1268E-06   0.94946
FLUX  770  1437.50        2.085513E+14   2.9702E-06   3.1400E-06   0.94591
FLUX  771  1442.50        2.078284E+14   2.9814E-06   3.1535E-06   0.94545
FLUX  772  1447.50        2.071105E+14   3.0135E-06   3.1672E-06   0.95147
FLUX  773  1452.50        2.063976E+14   3.0034E-06   3.1812E-06   0.94413
FLUX  774  1457.00        2.057601E+14   3.0105E-06   3.1941E-06   0.94252
FLUX  775  1462.00        2.050564E+14   2.9232E-06   3.2087E-06   0.91102
FLUX  776  1467.50        2.042879E+14   2.9623E-06   3.2251E-06   0.91849
FLUX  777  1472.50        2.035942E+14   3.0082E-06   3.2405E-06   0.92832
FLUX  778  1477.50        2.029052E+14   3.0019E-06   3.2562E-06   0.92190
FLUX  779  1482.50        2.022209E+14   3.0520E-06   3.2723E-06   0.93267
FLUX  780  1487.50        2.015412E+14   2.9954E-06   3.2887E-06   0.91081
FLUX  781  1492.50        2.008660E+14   3.1100E-06   3.3054E-06   0.94089
FLUX  782  1497.50        2.001953E+14   3.1463E-06   3.3226E-06   0.94695
FLUX  783  1502.50        1.995291E+14   2.9539E-06   3.3399E-06   0.88441
FLUX  784  1507.50        1.988673E+14   3.0783E-06   3.3576E-06   0.91681
FLUX  785  1512.50        1.982099E+14   3.1460E-06   3.3757E-06   0.93194
FLUX  786  1517.50        1.975568E+14   3.1592E-06   3.3943E-06   0.93076
FLUX  787  1522.50        1.969080E+14   3.2202E-06   3.4132E-06   0.94344
FLUX  788  1527.50        1.962635E+14   3.1800E-06   3.4326E-06   0.92642
FLUX  789  1532.50        1.956232E+14   3.2426E-06   3.4522E-06   0.93927
FLUX  790  1537.50        1.949870E+14   3.1953E-06   3.4721E-06   0.92026
FLUX  791  1542.50        1.943549E+14   3.1717E-06   3.4922E-06   0.90822
FLUX  792  1547.50        1.937270E+14   3.3167E-06   3.5127E-06   0.94422
FLUX  793  1552.50        1.931031E+14   3.2522E-06   3.5334E-06   0.92040
FLUX  794  1557.50        1.924831E+14   3.2810E-06   3.5543E-06   0.92311
FLUX  795  1562.50        1.918672E+14   3.3558E-06   3.5753E-06   0.93858
FLUX  796  1567.50        1.912552E+14   3.3520E-06   3.5964E-06   0.93205
FLUX  797  1572.50        1.906471E+14   3.3096E-06   3.6175E-06   0.91489
FLUX  798  1577.50        1.900428E+14   3.2336E-06   3.6385E-06   0.88872
FLUX  799  1582.50        1.894423E+14   3.4027E-06   3.6592E-06   0.92990
FLUX  800  1587.50        1.888457E+14   3.3505E-06   3.6795E-06   0.91059
FLUX  801  1592.50        1.882527E+14   3.4378E-06   3.6993E-06   0.92930
FLUX  802  1597.50        1.876635E+14   3.4846E-06   3.7186E-06   0.93706
FLUX  803  1605.00        1.867866E+14   3.4688E-06   3.7461E-06   0.92598
FLUX  804  1615.00        1.856300E+14   3.4638E-06   3.7779E-06   0.91686
FLUX  805  1625.00        1.844877E+14   3.4623E-06   3.8016E-06   0.91073
FLUX  806  1635.00        1.833593E+14   3.5397E-06   3.8113E-06   0.92874
FLUX  807  1645.00        1.822447E+14   3.5453E-06   3.8002E-06   0.93292
FLUX  808  1655.00        1.811435E+14   3.5948E-06   3.7746E-06   0.95237
FLUX  809  1665.00        1.800556E+14   3.5541E-06   3.7492E-06   0.94798
FLUX  810  1675.00        1.789806E+14   3.4578E-06   3.7240E-06   0.92854
FLUX  811  1685.00        1.779184E+14   3.5217E-06   3.6989E-06   0.95209
FLUX  812  1695.00        1.768687E+14   3.5223E-06   3.6741E-06   0.95869
FLUX  813  1705.00        1.758314E+14   3.4666E-06   3.6495E-06   0.94990
FLUX  814  1715.00        1.748061E+14   3.3615E-06   3.6250E-06   0.92731
FLUX  815  1725.00        1.737928E+14   3.3839E-06   3.6008E-06   0.93977
FLUX  816  1735.00        1.727911E+14   3.3386E-06   3.5767E-06   0.93341
FLUX  817  1745.00        1.718009E+14   3.3318E-06   3.5529E-06   0.93779
FLUX  818  1755.00        1.708219E+14   3.2642E-06   3.5292E-06   0.92492
FLUX  819  1765.00        1.698541E+14   3.2437E-06   3.5057E-06   0.92525
FLUX  820  1775.00        1.688972E+14   3.1993E-06   3.4825E-06   0.91868
FLUX  821  1785.00        1.679510E+14   3.1525E-06   3.4594E-06   0.91128
FLUX  822  1795.00        1.670153E+14   3.1550E-06   3.4365E-06   0.91808
FLUX  823  1805.00        1.660900E+14   3.0610E-06   3.4138E-06   0.89666
FLUX  824  1815.00        1.651749E+14   3.0740E-06   3.3913E-06   0.90645
FLUX  825  1825.00        1.642699E+14   3.0149E-06   3.3689E-06   0.89493
FLUX  826  1835.00        1.633747E+14   3.0294E-06   3.3467E-06   0.90521
FLUX  827  1845.00        1.624892E+14   2.9058E-06   3.3246E-06   0.87402
FLUX  828  1855.00        1.616132E+14   2.9106E-06   3.3027E-06   0.88126
FLUX  829  1865.00        1.607466E+14   2.9187E-06   3.2810E-06   0.88958
FLUX  830  1875.00        1.598893E+14   2.8890E-06   3.2595E-06   0.88631
FLUX  831  1885.00        1.590411E+14   2.9134E-06   3.2382E-06   0.89971
FLUX  832  1895.00        1.582018E+14   2.8565E-06   3.2170E-06   0.88793
FLUX  833  1905.00        1.573714E+14   2.8876E-06   3.1960E-06   0.90349
FLUX  834  1915.00        1.565496E+14   2.8837E-06   3.1752E-06   0.90818
FLUX  835  1925.00        1.557364E+14   2.8831E-06   3.1546E-06   0.91393
FLUX  836  1935.00        1.549315E+14   2.7746E-06   3.1342E-06   0.88527
FLUX  837  1945.00        1.541350E+14   2.7417E-06   3.1139E-06   0.88047
FLUX  838  1955.00        1.533465E+14   2.7838E-06   3.0937E-06   0.89981
FLUX  839  1965.00        1.525662E+14   2.8089E-06   3.0738E-06   0.91384
FLUX  840  1975.00        1.517937E+14   2.6481E-06   3.0540E-06   0.86709
FLUX  841  1985.00        1.510290E+14   2.6589E-06   3.0344E-06   0.87626
FLUX  842  1995.00        1.502719E+14   2.6699E-06   3.0150E-06   0.88556
FLUX  843  2005.00        1.495224E+14   2.7356E-06   2.9957E-06   0.91317
FLUX  844  2015.00        1.487804E+14   2.7043E-06   2.9766E-06   0.90851
FLUX  845  2025.00        1.480457E+14   2.6684E-06   2.9577E-06   0.90220
FLUX  846  2035.00        1.473182E+14   2.6775E-06   2.9389E-06   0.91104
FLUX  847  2045.00        1.465978E+14   2.6690E-06   2.9203E-06   0.91396
FLUX  848  2055.00        1.458844E+14   2.6500E-06   2.9018E-06   0.91322
FLUX  849  2065.00        1.451780E+14   2.6171E-06   2.8835E-06   0.90761
FLUX  850  2075.00        1.444783E+14   2.6351E-06   2.8653E-06   0.91963
FLUX  851  2085.00        1.437854E+14   2.5993E-06   2.8473E-06   0.91287
FLUX  852  2095.00        1.430990E+14   2.5816E-06   2.8295E-06   0.91237
FLUX  853  2105.00        1.424192E+14   2.5902E-06   2.8118E-06   0.92118
FLUX  854  2115.00        1.417459E+14   2.5746E-06   2.7943E-06   0.92138
FLUX  855  2125.00        1.410788E+14   2.5795E-06   2.7769E-06   0.92894
FLUX  856  2135.00        1.404180E+14   2.5823E-06   2.7596E-06   0.93575
FLUX  857  2145.00        1.397634E+14   2.5768E-06   2.7425E-06   0.93961
FLUX  858  2155.00        1.391148E+14   2.5680E-06   2.7255E-06   0.94221
FLUX  859  2165.00        1.384723E+14   2.5772E-06   2.7087E-06   0.95148
FLUX  860  2175.00        1.378356E+14   2.5422E-06   2.6919E-06   0.94437
FLUX  861  2185.00        1.372048E+14   2.5477E-06   2.6754E-06   0.95227
FLUX  862  2195.00        1.365797E+14   2.5386E-06   2.6589E-06   0.95475
FLUX  863  2205.00        1.359603E+14   2.4474E-06   2.6426E-06   0.92611
FLUX  864  2215.00        1.353465E+14   2.5417E-06   2.6265E-06   0.96771
FLUX  865  2225.00        1.347382E+14   2.4785E-06   2.6104E-06   0.94946
FLUX  866  2235.00        1.341353E+14   2.4953E-06   2.5945E-06   0.96175
FLUX  867  2245.00        1.335379E+14   2.4964E-06   2.5788E-06   0.96805
FLUX  868  2255.00        1.329457E+14   2.4974E-06   2.5631E-06   0.97436
FLUX  869  2265.00        1.323587E+14   2.4369E-06   2.5476E-06   0.95656
FLUX  870  2275.00        1.317769E+14   2.4729E-06   2.5322E-06   0.97655
FLUX  871  2285.00        1.312002E+14   2.4383E-06   2.5170E-06   0.96874
FLUX  872  2295.00        1.306285E+14   2.2301E-06   2.5019E-06   0.89137
FLUX  873  2305.00        1.300618E+14   2.3246E-06   2.4870E-06   0.93470
FLUX  874  2315.00        1.295000E+14   2.3252E-06   2.4721E-06   0.94057
FLUX  875  2325.00        1.289430E+14   2.1235E-06   2.4574E-06   0.86413
FLUX  876  2335.00        1.283908E+14   2.1837E-06   2.4428E-06   0.89390
FLUX  877  2345.00        1.278433E+14   2.2399E-06   2.4284E-06   0.92240
FLUX  878  2355.00        1.273004E+14   2.0493E-06   2.4140E-06   0.84891
FLUX  879  2365.00        1.267622E+14   2.1633E-06   2.3998E-06   0.90144
FLUX  880  2375.00        1.262284E+14   2.1770E-06   2.3857E-06   0.91254
FLUX  881  2385.00        1.256992E+14   1.9964E-06   2.3717E-06   0.84176
FLUX  882  2395.00        1.251743E+14   2.0801E-06   2.3578E-06   0.88225
FLUX  883  2405.00        1.246538E+14   2.0698E-06   2.3440E-06   0.88303
FLUX  884  2415.00        1.241377E+14   1.9494E-06   2.3303E-06   0.83655
FLUX  885  2425.00        1.236258E+14   1.9811E-06   2.3168E-06   0.85513
FLUX  886  2435.00        1.231181E+14   1.9790E-06   2.3033E-06   0.85918
FLUX  887  2445.00        1.226145E+14   1.8898E-06   2.2900E-06   0.82526
FLUX  888  2455.00        1.221151E+14   1.8655E-06   2.2768E-06   0.81936
FLUX  889  2465.00        1.216197E+14   1.8784E-06   2.2636E-06   0.82983
FLUX  890  2475.00        1.211283E+14   1.8313E-06   2.2506E-06   0.81369
FLUX  891  2485.00        1.206408E+14   1.7758E-06   2.2377E-06   0.79356
FLUX  892  2495.00        1.201573E+14   1.8002E-06   2.2249E-06   0.80909
FLUX  893  2505.00        1.196776E+14   1.7857E-06   2.2122E-06   0.80722
FLUX  894  2515.00        1.192018E+14   1.7229E-06   2.1996E-06   0.78328
FLUX  895  2525.00        1.187297E+14   1.6781E-06   2.1871E-06   0.76728
FLUX  896  2535.00        1.182613E+14   1.7055E-06   2.1747E-06   0.78423
FLUX  897  2545.00        1.177967E+14   1.7092E-06   2.1624E-06   0.79043
FLUX  898  2555.00        1.173356E+14   1.7166E-06   2.1502E-06   0.79834
FLUX  899  2565.00        1.168782E+14   1.6734E-06   2.1381E-06   0.78267
FLUX  900  2575.00        1.164243E+14   1.7116E-06   2.1261E-06   0.80505
FLUX  901  2585.00        1.159739E+14   1.7008E-06   2.1141E-06   0.80450
FLUX  902  2595.00        1.155270E+14   1.7060E-06   2.1023E-06   0.81148
FLUX  903  2605.00        1.150835E+14   1.7113E-06   2.0906E-06   0.81859
FLUX  904  2615.00        1.146434E+14   1.7576E-06   2.0789E-06   0.84547
FLUX  905  2625.00        1.142067E+14   1.7289E-06   2.0673E-06   0.83627
FLUX  906  2635.00        1.137732E+14   1.7380E-06   2.0559E-06   0.84539
FLUX  907  2645.00        1.133431E+14   1.7258E-06   2.0445E-06   0.84414
FLUX  908  2655.00        1.129162E+14   1.6952E-06   2.0332E-06   0.83375
FLUX  909  2665.00        1.124925E+14   1.7089E-06   2.0220E-06   0.84515
FLUX  910  2675.00        1.120720E+14   1.6962E-06   2.0109E-06   0.84349
FLUX  911  2685.00        1.116546E+14   1.6972E-06   1.9999E-06   0.84866
FLUX  912  2695.00        1.112403E+14   1.6479E-06   1.9889E-06   0.82856
FLUX  913  2705.00        1.108290E+14   1.6570E-06   1.9781E-06   0.83768
FLUX  914  2715.00        1.104208E+14   1.6226E-06   1.9673E-06   0.82480
FLUX  915  2725.00        1.100156E+14   1.5981E-06   1.9566E-06   0.81680
FLUX  916  2735.00        1.096133E+14   1.5955E-06   1.9460E-06   0.81991
FLUX  917  2745.00        1.092140E+14   1.6084E-06   1.9354E-06   0.83101
FLUX  918  2755.00        1.088176E+14   1.5630E-06   1.9250E-06   0.81194
FLUX  919  2765.00        1.084240E+14   1.5635E-06   1.9146E-06   0.81662
FLUX  920  2775.00        1.080333E+14   1.5705E-06   1.9043E-06   0.82470
FLUX  921  2785.00        1.076454E+14   1.5327E-06   1.8941E-06   0.80920
FLUX  922  2795.00        1.072603E+14   1.5404E-06   1.8840E-06   0.81766
FLUX  923  2805.00        1.068779E+14   1.4579E-06   1.8739E-06   0.77801
FLUX  924  2815.00        1.064982E+14   1.4956E-06   1.8639E-06   0.80239
FLUX  925  2825.00        1.061212E+14   1.4879E-06   1.8540E-06   0.80252
FLUX  926  2835.00        1.057469E+14   1.4773E-06   1.8442E-06   0.80108
FLUX  927  2845.00        1.053752E+14   1.5070E-06   1.8344E-06   0.82148
FLUX  928  2855.00        1.050061E+14   1.4560E-06   1.8247E-06   0.79793
FLUX  929  2865.00        1.046396E+14   1.4883E-06   1.8151E-06   0.81994
FLUX  930  2875.00        1.042757E+14   1.4695E-06   1.8056E-06   0.81387
FLUX  931  2885.00        1.039142E+14   1.4521E-06   1.7961E-06   0.80843
FLUX  932  2895.00        1.035553E+14   1.4678E-06   1.7867E-06   0.82148
FLUX  933  2905.00        1.031988E+14   1.4100E-06   1.7774E-06   0.79331
FLUX  934  2915.00        1.028448E+14   1.4746E-06   1.7681E-06   0.83397
FLUX  935  2925.00        1.024932E+14   1.3546E-06   1.7589E-06   0.77012
FLUX  936  2935.00        1.021440E+14   1.4505E-06   1.7498E-06   0.82894
FLUX  937  2945.00        1.017971E+14   1.3328E-06   1.7407E-06   0.76565
FLUX  938  2955.00        1.014526E+14   1.4160E-06   1.7318E-06   0.81769
FLUX  939  2965.00        1.011105E+14   1.3471E-06   1.7228E-06   0.78190
FLUX  940  2975.00        1.007706E+14   1.4023E-06   1.7140E-06   0.81815
FLUX  941  2985.00        1.004330E+14   1.3361E-06   1.7052E-06   0.78359
FLUX  942  2995.00        1.000977E+14   1.4020E-06   1.6964E-06   0.82644
FLUX  943  3005.00        9.976456E+13   1.3140E-06   1.6878E-06   0.77853
FLUX  944  3015.00        9.943366E+13   1.4011E-06   1.6792E-06   0.83437
FLUX  945  3025.00        9.910496E+13   1.3169E-06   1.6707E-06   0.78827
FLUX  946  3035.00        9.877842E+13   1.3715E-06   1.6622E-06   0.82511
FLUX  947  3045.00        9.845402E+13   1.3085E-06   1.6538E-06   0.79121
FLUX  948  3055.00        9.813175E+13   1.3529E-06   1.6454E-06   0.82226
FLUX  949  3065.00        9.781158E+13   1.3428E-06   1.6371E-06   0.82023
FLUX  950  3075.00        9.749349E+13   1.3227E-06   1.6288E-06   0.81204
FLUX  951  3085.00        9.717747E+13   1.3137E-06   1.6206E-06   0.81061
FLUX  952  3095.00        9.686349E+13   1.2935E-06   1.6125E-06   0.80221
FLUX  953  3105.00        9.655153E+13   1.3370E-06   1.6044E-06   0.83335
FLUX  954  3115.00        9.624157E+13   1.2910E-06   1.5964E-06   0.80869
FLUX  955  3125.00        9.593360E+13   1.3260E-06   1.5884E-06   0.83482
FLUX  956  3135.00        9.562759E+13   1.2753E-06   1.5805E-06   0.80691
FLUX  957  3145.00        9.532353E+13   1.3041E-06   1.5726E-06   0.82924
FLUX  958  3155.00        9.502139E+13   1.2941E-06   1.5649E-06   0.82696
FLUX  959  3165.00        9.472117E+13   1.3129E-06   1.5571E-06   0.84316
FLUX  960  3175.00        9.442283E+13   1.2855E-06   1.5494E-06   0.82968
FLUX  961  3185.00        9.412637E+13   1.2948E-06   1.5418E-06   0.83978
FLUX  962  3195.00        9.383177E+13   1.2840E-06   1.5342E-06   0.83691
FLUX  963  3210.00        9.339330E+13   1.3033E-06   1.5230E-06   0.85578
FLUX  964  3230.00        9.281501E+13   1.2784E-06   1.5081E-06   0.84766
FLUX  965  3250.00        9.224385E+13   1.2921E-06   1.4935E-06   0.86514
FLUX  966  3270.00        9.167966E+13   1.2826E-06   1.4791E-06   0.86718
FLUX  967  3290.00        9.112234E+13   1.2693E-06   1.4649E-06   0.86653
FLUX  968  3310.00        9.057175E+13   1.2814E-06   1.4508E-06   0.88323
FLUX  969  3330.00        9.002778E+13   1.2636E-06   1.4370E-06   0.87936
FLUX  970  3350.00        8.949030E+13   1.2651E-06   1.4233E-06   0.88885
FLUX  971  3370.00        8.895920E+13   1.2723E-06   1.4099E-06   0.90244
FLUX  972  3390.00        8.843436E+13   1.2450E-06   1.3966E-06   0.89143
FLUX  973  3410.00        8.791569E+13   1.2517E-06   1.3835E-06   0.90473
FLUX  974  3430.00        8.740306E+13   1.2663E-06   1.3706E-06   0.92396
FLUX  975  3450.00        8.689638E+13   1.2251E-06   1.3578E-06   0.90226
FLUX  976  3470.00        8.639553E+13   1.2486E-06   1.3452E-06   0.92815
FLUX  977  3490.00        8.590043E+13   1.2392E-06   1.3328E-06   0.92975
FLUX  978  3510.00        8.541097E+13   1.2193E-06   1.3206E-06   0.92333
FLUX  979  3530.00        8.492705E+13   1.2134E-06   1.3085E-06   0.92731
FLUX  980  3550.00        8.444859E+13   1.2208E-06   1.2966E-06   0.94151
FLUX  981  3570.00        8.397549E+13   1.1950E-06   1.2848E-06   0.93010
FLUX  982  3590.00        8.350766E+13   1.1920E-06   1.2732E-06   0.93622
FLUX  983  3610.00        8.304501E+13   1.2023E-06   1.2618E-06   0.95290
FLUX  984  3630.00        8.258746E+13   1.1777E-06   1.2505E-06   0.94183
FLUX  985  3650.00        8.213493E+13   1.1747E-06   1.2393E-06   0.94792
FLUX  986  3670.00        8.168733E+13   1.1696E-06   1.2283E-06   0.95227
FLUX  987  3690.00        8.124458E+13   1.1617E-06   1.2174E-06   0.95423
FLUX  988  3710.00        8.080660E+13   1.1439E-06   1.2066E-06   0.94802
FLUX  989  3730.00        8.037332E+13   1.1419E-06   1.1960E-06   0.95476
FLUX  990  3750.00        7.994467E+13   1.1481E-06   1.1856E-06   0.96839
FLUX  991  3770.00        7.952056E+13   1.1186E-06   1.1752E-06   0.95178
FLUX  992  3790.00        7.910092E+13   1.1313E-06   1.1650E-06   0.97109
FLUX  993  3810.00        7.868569E+13   1.1108E-06   1.1550E-06   0.96173
FLUX  994  3830.00        7.827480E+13   1.1035E-06   1.1450E-06   0.96374
FLUX  995  3850.00        7.786818E+13   1.0962E-06   1.1352E-06   0.96566
FLUX  996  3870.00        7.746576E+13   1.0931E-06   1.1255E-06   0.97124
FLUX  997  3890.00        7.706748E+13   1.0778E-06   1.1159E-06   0.96584
FLUX  998  3910.00        7.667327E+13   1.0709E-06   1.1064E-06   0.96788
FLUX  999  3930.00        7.628308E+13   1.0631E-06   1.0971E-06   0.96900
FLUX 1000  3950.00        7.589683E+13   1.0600E-06   1.0879E-06   0.97441
FLUX 1001  3970.00        7.551448E+13   1.0491E-06   1.0788E-06   0.97250
FLUX 1002  3990.00        7.513596E+13   1.0172E-06   1.0698E-06   0.95082
FLUX 1003  4010.00        7.476122E+13   1.0230E-06   1.0609E-06   0.96432
FLUX 1004  4030.00        7.439020E+13   1.0168E-06   1.0521E-06   0.96642
FLUX 1005  4050.00        7.402284E+13   9.8936E-07   1.0434E-06   0.94822
FLUX 1006  4070.00        7.365909E+13   9.8090E-07   1.0348E-06   0.94790
FLUX 1007  4090.00        7.329890E+13   9.7367E-07   1.0263E-06   0.94868
FLUX 1008  4110.00        7.294221E+13   9.6993E-07   1.0180E-06   0.95282
FLUX 1009  4130.00        7.258898E+13   9.5447E-07   1.0097E-06   0.94531
FLUX 1010  4150.00        7.223916E+13   9.5452E-07   1.0015E-06   0.95308
FLUX 1011  4170.00        7.189269E+13   9.3130E-07   9.9342E-07   0.93747
FLUX 1012  4190.00        7.154952E+13   9.3728E-07   9.8543E-07   0.95114
FLUX 1013  4210.00        7.120962E+13   9.1613E-07   9.7754E-07   0.93719
FLUX 1014  4230.00        7.087293E+13   9.2465E-07   9.6973E-07   0.95351
FLUX 1015  4250.00        7.053941E+13   9.0583E-07   9.6202E-07   0.94160
FLUX 1016  4270.00        7.020902E+13   9.0254E-07   9.5439E-07   0.94567
FLUX 1017  4290.00        6.988170E+13   8.7180E-07   9.4685E-07   0.92074
FLUX 1018  4310.00        6.955742E+13   8.2542E-07   9.3940E-07   0.87867
FLUX 1019  4330.00        6.923614E+13   8.3851E-07   9.3204E-07   0.89965
FLUX 1020  4350.00        6.891782E+13   7.9928E-07   9.2476E-07   0.86431
FLUX 1021  4370.00        6.860240E+13   7.8111E-07   9.1757E-07   0.85128
FLUX 1022  4390.00        6.828986E+13   7.7347E-07   9.1046E-07   0.84954
FLUX 1023  4410.00        6.798016E+13   7.4697E-07   9.0343E-07   0.82682
FLUX 1024  4430.00        6.767325E+13   7.3870E-07   8.9647E-07   0.82401
FLUX 1025  4450.00        6.736910E+13   7.3346E-07   8.8960E-07   0.82449
FLUX 1026  4470.00        6.706767E+13   7.1272E-07   8.8280E-07   0.80735
FLUX 1027  4490.00        6.676893E+13   7.1318E-07   8.7607E-07   0.81407
FLUX 1028  4510.00        6.647284E+13   7.0061E-07   8.6942E-07   0.80583
FLUX 1029  4530.00        6.617936E+13   6.9092E-07   8.6285E-07   0.80074
FLUX 1030  4550.00        6.588846E+13   6.9269E-07   8.5635E-07   0.80889
FLUX 1031  4570.00        6.560011E+13   6.9139E-07   8.4992E-07   0.81348
FLUX 1032  4590.00        6.531427E+13   6.7551E-07   8.4356E-07   0.80078
FLUX 1033  4610.00        6.503091E+13   6.8060E-07   8.3727E-07   0.81289
FLUX 1034  4630.00        6.475000E+13   6.7381E-07   8.3104E-07   0.81080
FLUX 1035  4650.00        6.447150E+13   6.7888E-07   8.2489E-07   0.82300
FLUX 1036  4670.00        6.419540E+13   6.7706E-07   8.1880E-07   0.82689
FLUX 1037  4690.00        6.392164E+13   6.7169E-07   8.1278E-07   0.82641
FLUX 1038  4710.00        6.365021E+13   6.6821E-07   8.0682E-07   0.82820
FLUX 1039  4730.00        6.338108E+13   6.7210E-07   8.0092E-07   0.83916
FLUX 1040  4750.00        6.311421E+13   6.6329E-07   7.9509E-07   0.83423
FLUX 1041  4770.00        6.284958E+13   6.5666E-07   7.8932E-07   0.83193
FLUX 1042  4790.00        6.258716E+13   6.5952E-07   7.8361E-07   0.84164
FLUX 1043  4810.00        6.232692E+13   6.4372E-07   7.7796E-07   0.82745
FLUX 1044  4830.00        6.206884E+13   6.5724E-07   7.7237E-07   0.85094
FLUX 1045  4850.00        6.181289E+13   6.4601E-07   7.6684E-07   0.84244
FLUX 1046  4870.00        6.155903E+13   6.3546E-07   7.6137E-07   0.83464
FLUX 1047  4890.00        6.130726E+13   6.3059E-07   7.5595E-07   0.83417
FLUX 1048  4910.00        6.105753E+13   6.3665E-07   7.5059E-07   0.84820
FLUX 1049  4930.00        6.080984E+13   6.2270E-07   7.4529E-07   0.83551
FLUX 1050  4950.00        6.056414E+13   6.2141E-07   7.4004E-07   0.83970
FLUX 1051  4970.00        6.032042E+13   6.1877E-07   7.3485E-07   0.84204
FLUX 1052  4990.00        6.007866E+13   6.1730E-07   7.2971E-07   0.84596
FLUX 1053  5010.00        5.983882E+13   6.0290E-07   7.2462E-07   0.83202
FLUX 1054  5030.00        5.960089E+13   6.0419E-07   7.1959E-07   0.83963
FLUX 1055  5050.00        5.936485E+13   5.9975E-07   7.1461E-07   0.83927
FLUX 1056  5070.00        5.913067E+13   6.0012E-07   7.0968E-07   0.84562
FLUX 1057  5090.00        5.889833E+13   5.9341E-07   7.0479E-07   0.84197
FLUX 1058  5110.00        5.866781E+13   5.9067E-07   6.9996E-07   0.84385
FLUX 1059  5130.00        5.843908E+13   5.8941E-07   6.9518E-07   0.84785
FLUX 1060  5150.00        5.821214E+13   5.8793E-07   6.9045E-07   0.85153
FLUX 1061  5170.00        5.798694E+13   5.7967E-07   6.8576E-07   0.84530
FLUX 1062  5190.00        5.776349E+13   5.7814E-07   6.8111E-07   0.84881
FLUX 1063  5210.00        5.754175E+13   5.7923E-07   6.7652E-07   0.85620
FLUX 1064  5230.00        5.732170E+13   5.7206E-07   6.7196E-07   0.85133
FLUX 1065  5250.00        5.710333E+13   5.6766E-07   6.6746E-07   0.85049
FLUX 1066  5270.00        5.688662E+13   5.7198E-07   6.6299E-07   0.86273
FLUX 1067  5290.00        5.667155E+13   5.5946E-07   6.5857E-07   0.84950
FLUX 1068  5310.00        5.645810E+13   5.6242E-07   6.5420E-07   0.85971
FLUX 1069  5330.00        5.624625E+13   5.5437E-07   6.4987E-07   0.85306
FLUX 1070  5350.00        5.603598E+13   5.5543E-07   6.4557E-07   0.86037
FLUX 1071  5370.00        5.582728E+13   5.5072E-07   6.4132E-07   0.85872
FLUX 1072  5390.00        5.562013E+13   5.5407E-07   6.3712E-07   0.86966
FLUX 1073  5410.00        5.541451E+13   5.4787E-07   6.3295E-07   0.86558
FLUX 1074  5430.00        5.521040E+13   5.3284E-07   6.2882E-07   0.84737
FLUX 1075  5450.00        5.500780E+13   5.4376E-07   6.2473E-07   0.87039
FLUX 1076  5470.00        5.480667E+13   5.3930E-07   6.2068E-07   0.86889
FLUX 1077  5490.00        5.460701E+13   5.3868E-07   6.1667E-07   0.87352
FLUX 1078  5510.00        5.440880E+13   5.3412E-07   6.1270E-07   0.87175
FLUX 1079  5530.00        5.421202E+13   5.3685E-07   6.0876E-07   0.88188
FLUX 1080  5550.00        5.401667E+13   5.2451E-07   6.0487E-07   0.86715
FLUX 1081  5570.00        5.382271E+13   5.2742E-07   6.0100E-07   0.87757
FLUX 1082  5590.00        5.363014E+13   5.2840E-07   5.9718E-07   0.88482
FLUX 1083  5610.00        5.343895E+13   5.2238E-07   5.9339E-07   0.88033
FLUX 1084  5630.00        5.324911E+13   5.1748E-07   5.8963E-07   0.87763
FLUX 1085  5650.00        5.306062E+13   5.2011E-07   5.8591E-07   0.88770
FLUX 1086  5670.00        5.287346E+13   5.1559E-07   5.8223E-07   0.88555
FLUX 1087  5690.00        5.268761E+13   5.0767E-07   5.7858E-07   0.87744
FLUX 1088  5710.00        5.250306E+13   5.1412E-07   5.7496E-07   0.89418
FLUX 1089  5730.00        5.231981E+13   5.0356E-07   5.7138E-07   0.88131
FLUX 1090  5750.00        5.213783E+13   5.1420E-07   5.6782E-07   0.90555
FLUX 1091  5770.00        5.195711E+13   5.0428E-07   5.6430E-07   0.89362
FLUX 1092  5790.00        5.177763E+13   5.0060E-07   5.6082E-07   0.89263
FLUX 1093  5810.00        5.159940E+13   5.0387E-07   5.5736E-07   0.90402
FLUX 1094  5830.00        5.142238E+13   4.9575E-07   5.5394E-07   0.89496
FLUX 1095  5850.00        5.124658E+13   4.9572E-07   5.5054E-07   0.90041
FLUX 1096  5870.00        5.107198E+13   4.9421E-07   5.4718E-07   0.90319
FLUX 1097  5890.00        5.089856E+13   4.9341E-07   5.4385E-07   0.90726
FLUX 1098  5910.00        5.072631E+13   4.8921E-07   5.4055E-07   0.90503
FLUX 1099  5930.00        5.055523E+13   4.9051E-07   5.3727E-07   0.91296
FLUX 1100  5950.00        5.038529E+13   4.8775E-07   5.3403E-07   0.91334
FLUX 1101  5970.00        5.021650E+13   4.8401E-07   5.3082E-07   0.91181
FLUX 1102  5990.00        5.004883E+13   4.8451E-07   5.2763E-07   0.91828
FLUX 1103  6010.00        4.988228E+13   4.8654E-07   5.2447E-07   0.92767
FLUX 1104  6030.00        4.971683E+13   4.7646E-07   5.2134E-07   0.91391
FLUX 1105  6050.00        4.955248E+13   4.7180E-07   5.1824E-07   0.91039
FLUX 1106  6070.00        4.938921E+13   4.7678E-07   5.1517E-07   0.92550
FLUX 1107  6090.00        4.922701E+13   4.7565E-07   5.1212E-07   0.92879
FLUX 1108  6110.00        4.906588E+13   4.6691E-07   5.0910E-07   0.91714
FLUX 1109  6130.00        4.890579E+13   4.7522E-07   5.0610E-07   0.93898
FLUX 1110  6150.00        4.874675E+13   4.6674E-07   5.0313E-07   0.92766
FLUX 1111  6170.00        4.858874E+13   4.6662E-07   5.0019E-07   0.93288
FLUX 1112  6190.00        4.843174E+13   4.6480E-07   4.9727E-07   0.93470
FLUX 1113  6210.00        4.827576E+13   4.6293E-07   4.9438E-07   0.93639
FLUX 1114  6230.00        4.812079E+13   4.6351E-07   4.9151E-07   0.94302
FLUX 1115  6250.00        4.796680E+13   4.5655E-07   4.8867E-07   0.93427
FLUX 1116  6270.00        4.781380E+13   4.5308E-07   4.8585E-07   0.93255
FLUX 1117  6290.00        4.766176E+13   4.5458E-07   4.8305E-07   0.94107
FLUX 1118  6310.00        4.751070E+13   4.4942E-07   4.8028E-07   0.93574
FLUX 1119  6330.00        4.736058E+13   4.4975E-07   4.7753E-07   0.94183
FLUX 1120  6350.00        4.721142E+13   4.4125E-07   4.7481E-07   0.92932
FLUX 1121  6370.00        4.706319E+13   4.4429E-07   4.7210E-07   0.94110
FLUX 1122  6390.00        4.691588E+13   4.3840E-07   4.6942E-07   0.93391
FLUX 1123  6420.00        4.669665E+13   4.3157E-07   4.6544E-07   0.92723
FLUX 1124  6460.00        4.640751E+13   4.1468E-07   4.6022E-07   0.90106
FLUX 1125  6500.00        4.612192E+13   4.0621E-07   4.5508E-07   0.89262
FLUX 1126  6540.00        4.583983E+13   3.9889E-07   4.5002E-07   0.88638
FLUX 1127  6580.00        4.556117E+13   3.8631E-07   4.4504E-07   0.86802
FLUX 1128  6620.00        4.528588E+13   3.8053E-07   4.4015E-07   0.86455
FLUX 1129  6660.00        4.501389E+13   3.7891E-07   4.3533E-07   0.87039
FLUX 1130  6700.00        4.474515E+13   3.7197E-07   4.3060E-07   0.86384
FLUX 1131  6740.00        4.447960E+13   3.7126E-07   4.2593E-07   0.87164
FLUX 1132  6780.00        4.421718E+13   3.6186E-07   4.2135E-07   0.85882
FLUX 1133  6820.00        4.395784E+13   3.5778E-07   4.1683E-07   0.85833
FLUX 1134  6860.00        4.370153E+13   3.6029E-07   4.1239E-07   0.87368
FLUX 1135  6900.00        4.344819E+13   3.5428E-07   4.0801E-07   0.86830
FLUX 1136  6940.00        4.319777E+13   3.4888E-07   4.0371E-07   0.86420
FLUX 1137  6980.00        4.295021E+13   3.5167E-07   3.9947E-07   0.88034
FLUX 1138  7020.00        4.270548E+13   3.4344E-07   3.9529E-07   0.86883
FLUX 1139  7060.00        4.246353E+13   3.4142E-07   3.9118E-07   0.87279
FLUX 1140  7100.00        4.222430E+13   3.3765E-07   3.8714E-07   0.87218
FLUX 1141  7140.00        4.198774E+13   3.3587E-07   3.8315E-07   0.87661
FLUX 1142  7180.00        4.175383E+13   3.3549E-07   3.7923E-07   0.88465
FLUX 1143  7220.00        4.152251E+13   3.2699E-07   3.7536E-07   0.87112
FLUX 1144  7260.00        4.129373E+13   3.2536E-07   3.7156E-07   0.87567
FLUX 1145  7300.00        4.106747E+13   3.2563E-07   3.6781E-07   0.88533
FLUX 1146  7340.00        4.084366E+13   3.2036E-07   3.6411E-07   0.87983
FLUX 1147  7380.00        4.062229E+13   3.1966E-07   3.6047E-07   0.88677
FLUX 1148  7420.00        4.040330E+13   3.1343E-07   3.5689E-07   0.87822
FLUX 1149  7460.00        4.018666E+13   3.1420E-07   3.5335E-07   0.88920
FLUX 1150  7500.00        3.997233E+13   3.1047E-07   3.4987E-07   0.88738
FLUX 1151  7540.00        3.976028E+13   3.0702E-07   3.4644E-07   0.88621
FLUX 1152  7580.00        3.955046E+13   2.9948E-07   3.4306E-07   0.87296
FLUX 1153  7620.00        3.934285E+13   2.9465E-07   3.3972E-07   0.86734
FLUX 1154  7660.00        3.913740E+13   2.9158E-07   3.3644E-07   0.86669
FLUX 1155  7700.00        3.893409E+13   2.9063E-07   3.3320E-07   0.87224
FLUX 1156  7740.00        3.873288E+13   2.8264E-07   3.3000E-07   0.85646
FLUX 1157  7780.00        3.853374E+13   2.8205E-07   3.2685E-07   0.86291
FLUX 1158  7820.00        3.833664E+13   2.7763E-07   3.2375E-07   0.85754
FLUX 1159  7860.00        3.814154E+13   2.7482E-07   3.2069E-07   0.85697
FLUX 1160  7900.00        3.794842E+13   2.6997E-07   3.1767E-07   0.84984
FLUX 1161  7940.00        3.775724E+13   2.6971E-07   3.1470E-07   0.85704
FLUX 1162  7980.00        3.756798E+13   2.6445E-07   3.1176E-07   0.84826
FLUX 1163  8020.00        3.738061E+13   2.6490E-07   3.0887E-07   0.85764
FLUX 1164  8060.00        3.719510E+13   2.6053E-07   3.0601E-07   0.85137
FLUX 1165  8100.00        3.701142E+13   2.5819E-07   3.0320E-07   0.85155
FLUX 1166  8140.00        3.682955E+13   2.5735E-07   3.0042E-07   0.85665
FLUX 1167  8180.00        3.664945E+13   2.5571E-07   2.9768E-07   0.85902
FLUX 1168  8220.00        3.647111E+13   2.5216E-07   2.9498E-07   0.85484
FLUX 1169  8260.00        3.629449E+13   2.5282E-07   2.9231E-07   0.86490
FLUX 1170  8300.00        3.611958E+13   2.4868E-07   2.8968E-07   0.85845
FLUX 1171  8340.00        3.594634E+13   2.4623E-07   2.8708E-07   0.85770
FLUX 1172  8380.00        3.577476E+13   2.4311E-07   2.8452E-07   0.85444
FLUX 1173  8420.00        3.560481E+13   2.4518E-07   2.8199E-07   0.86944
FLUX 1174  8460.00        3.543647E+13   2.4146E-07   2.7950E-07   0.86389
FLUX 1175  8500.00        3.526971E+13   2.3876E-07   2.7704E-07   0.86182
FLUX 1176  8540.00        3.510451E+13   2.3878E-07   2.7461E-07   0.86955
FLUX 1177  8580.00        3.494085E+13   2.3606E-07   2.7221E-07   0.86720
FLUX 1178  8620.00        3.477871E+13   2.3513E-07   2.6984E-07   0.87136
FLUX 1179  8660.00        3.461807E+13   2.3281E-07   2.6750E-07   0.87033
FLUX 1180  8700.00        3.445891E+13   2.3338E-07   2.6519E-07   0.88006
FLUX 1181  8740.00        3.430120E+13   2.2870E-07   2.6291E-07   0.86988
FLUX 1182  8780.00        3.414493E+13   2.2748E-07   2.6066E-07   0.87269
FLUX 1183  8820.00        3.399008E+13   2.2568E-07   2.5844E-07   0.87325
FLUX 1184  8860.00        3.383662E+13   2.2482E-07   2.5624E-07   0.87738
FLUX 1185  8900.00        3.368455E+13   2.2349E-07   2.5408E-07   0.87961
FLUX 1186  8940.00        3.353384E+13   2.2192E-07   2.5194E-07   0.88084
FLUX 1187  8980.00        3.338447E+13   2.1929E-07   2.4982E-07   0.87779
FLUX 1188  9020.00        3.323642E+13   2.1967E-07   2.4774E-07   0.88672
FLUX 1189  9060.00        3.308968E+13   2.1818E-07   2.4567E-07   0.88810
FLUX 1190  9100.00        3.294423E+13   2.1651E-07   2.4364E-07   0.88864
FLUX 1191  9140.00        3.280005E+13   2.1433E-07   2.4163E-07   0.88703
FLUX 1192  9180.00        3.265713E+13   2.1313E-07   2.3964E-07   0.88934
FLUX 1193  9220.00        3.251546E+13   2.1147E-07   2.3768E-07   0.88971
FLUX 1194  9260.00        3.237500E+13   2.0943E-07   2.3574E-07   0.88838
FLUX 1195  9300.00        3.223575E+13   2.0909E-07   2.3383E-07   0.89421
FLUX 1196  9340.00        3.209770E+13   2.0734E-07   2.3194E-07   0.89395
FLUX 1197  9380.00        3.196082E+13   2.0534E-07   2.3007E-07   0.89251
FLUX 1198  9420.00        3.182511E+13   2.0373E-07   2.2822E-07   0.89268
FLUX 1199  9460.00        3.169054E+13   2.0172E-07   2.2640E-07   0.89099
FLUX 1200  9500.00        3.155710E+13   2.0120E-07   2.2459E-07   0.89585
FLUX 1201  9540.00        3.142479E+13   2.0179E-07   2.2281E-07   0.90567
FLUX 1202  9580.00        3.129358E+13   1.9748E-07   2.2105E-07   0.89338
FLUX 1203  9620.00        3.116346E+13   1.9662E-07   2.1931E-07   0.89652
FLUX 1204  9660.00        3.103442E+13   1.9461E-07   2.1759E-07   0.89437
FLUX 1205  9700.00        3.090644E+13   1.9404E-07   2.1589E-07   0.89881
FLUX 1206  9740.00        3.077952E+13   1.9321E-07   2.1421E-07   0.90195
FLUX 1207  9780.00        3.065363E+13   1.9112E-07   2.1255E-07   0.89921
FLUX 1208  9820.00        3.052877E+13   1.9044E-07   2.1091E-07   0.90295
FLUX 1209  9860.00        3.040492E+13   1.8928E-07   2.0928E-07   0.90440
FLUX 1210  9900.00        3.028207E+13   1.8414E-07   2.0768E-07   0.88665
FLUX 1211  9940.00        3.016021E+13   1.8548E-07   2.0609E-07   0.90001
FLUX 1212  9980.00        3.003933E+13   1.8400E-07   2.0452E-07   0.89968
FLUX 1213 10020.00        2.991941E+13   1.8268E-07   2.0297E-07   0.90005
FLUX 1214 20000.00        1.498962E+13   5.0268E-08   5.2840E-08   0.95132
FLUX 1215 40000.00        7.494812E+12   1.2970E-08   1.3228E-08   0.98049
FLUX 1216 60000.00        4.996542E+12   5.7863E-09   5.8458E-09   0.98982
FLUX 1217 80000.00        3.747406E+12   3.2520E-09   3.2722E-09   0.99383
