FLUX    1     9.09        3.298047E+16   1.0000E-50   0.0000E+00   1.00000
FLUX    2     9.35        3.206337E+16   1.0000E-50   0.0000E+00   1.00000
FLUX    3     9.61        3.119589E+16   1.0000E-50   0.0000E+00   1.00000
FLUX    4     9.77        3.068501E+16   1.0000E-50   0.0000E+00   1.00000
FLUX    5     9.96        3.009965E+16   1.0000E-50   0.0000E+00   1.00000
FLUX    6    10.20        2.939142E+16   1.0000E-50   0.0000E+00   1.00000
FLUX    7    10.38        2.888174E+16   1.0000E-50   0.0000E+00   1.00000
FLUX    8    10.56        2.838944E+16   1.0000E-50   0.0000E+00   1.00000
FLUX    9    10.77        2.783589E+16   1.0000E-50   0.0000E+00   1.00000
FLUX   10    11.04        2.715512E+16   1.0000E-50   0.0000E+00   1.00000
FLUX   11    11.40        2.629759E+16   1.0000E-50   0.0000E+00   1.00000
FLUX   12    11.78        2.544928E+16   1.0000E-50   0.0000E+00   1.00000
FLUX   13    12.13        2.471496E+16   1.0000E-50   0.0000E+00   1.00000
FLUX   14    12.48        2.402183E+16   1.0000E-50   0.0000E+00   1.00000
FLUX   15    12.71        2.358714E+16   1.0000E-50   0.0000E+00   1.00000
FLUX   16    12.84        2.334833E+16   1.0000E-50   0.0000E+00   1.00000
FLUX   17    13.05        2.297261E+16   1.0000E-50   0.0000E+00   1.00000
FLUX   18    13.24        2.264294E+16   1.0000E-50   0.0000E+00   1.00000
FLUX   19    13.39        2.238928E+16   1.0000E-50   0.0000E+00   1.00000
FLUX   20    13.66        2.194674E+16   1.0000E-50   0.0000E+00   1.00000
FLUX   21    13.98        2.144438E+16   1.0000E-50   0.0000E+00   1.00000
FLUX   22    14.33        2.092062E+16   1.0000E-50   0.0000E+00   1.00000
FLUX   23    14.72        2.036634E+16   1.0000E-50   0.0000E+00   1.00000
FLUX   24    15.10        1.985381E+16   1.0000E-50   0.0000E+00   1.00000
FLUX   25    15.52        1.931653E+16   1.0000E-50   0.0000E+00   1.00000
FLUX   26    15.88        1.887862E+16   1.0000E-50   0.0000E+00   1.00000
FLUX   27    16.20        1.850571E+16   1.0000E-50   0.0000E+00   1.00000
FLUX   28    16.60        1.805979E+16   1.0000E-50   0.0000E+00   1.00000
FLUX   29    17.03        1.760379E+16   1.0000E-50   0.0000E+00   1.00000
FLUX   30    17.34        1.728907E+16   1.0000E-50   0.0000E+00   1.00000
FLUX   31    17.68        1.695659E+16   1.0000E-50   0.0000E+00   1.00000
FLUX   32    18.02        1.663665E+16   1.0000E-50   0.0000E+00   1.00000
FLUX   33    18.17        1.649931E+16   1.0000E-50   0.0000E+00   1.00000
FLUX   34    18.61        1.610922E+16   1.0000E-50   0.0000E+00   1.00000
FLUX   35    19.10        1.569594E+16   1.0000E-50   0.0000E+00   1.00000
FLUX   36    19.39        1.546119E+16   1.0000E-50   0.0000E+00   1.00000
FLUX   37    19.84        1.511051E+16   1.0000E-50   0.0000E+00   1.00000
FLUX   38    20.18        1.485592E+16   1.0000E-50   0.0000E+00   1.00000
FLUX   39    20.50        1.462402E+16   1.0000E-50   0.0000E+00   1.00000
FLUX   40    21.05        1.424192E+16   1.0000E-50   0.0000E+00   1.00000
FLUX   41    21.62        1.386644E+16   1.0000E-50   0.0000E+00   1.00000
FLUX   42    21.98        1.363933E+16   1.0000E-50   0.0000E+00   1.00000
FLUX   43    22.30        1.344361E+16   1.0000E-50   0.0000E+00   1.00000
FLUX   44    22.68        1.321836E+16   1.0000E-50   0.0000E+00   1.00000
FLUX   45    23.00        1.303446E+16   1.0000E-50   0.0000E+00   1.00000
FLUX   46    23.40        1.281165E+16   1.0000E-50   0.0000E+00   1.00000
FLUX   47    24.00        1.249135E+16   1.0000E-50   0.0000E+00   1.00000
FLUX   48    24.65        1.216197E+16   1.0000E-50   0.0000E+00   1.00000
FLUX   49    25.24        1.187767E+16   1.0000E-50   0.0000E+00   1.00000
FLUX   50    25.68        1.167416E+16   1.0000E-50   0.0000E+00   1.00000
FLUX   51    26.00        1.153048E+16   1.0000E-50   0.0000E+00   1.00000
FLUX   52    26.40        1.135578E+16   1.0000E-50   0.0000E+00   1.00000
FLUX   53    26.85        1.116546E+16   1.0000E-50   0.0000E+00   1.00000
FLUX   54    27.35        1.096133E+16   1.0000E-50   0.0000E+00   1.00000
FLUX   55    27.85        1.076454E+16   1.0000E-50   0.0000E+00   1.00000
FLUX   56    28.40        1.055607E+16   1.0000E-50   0.0000E+00   1.00000
FLUX   57    29.00        1.033767E+16   1.0000E-50   0.0000E+00   1.00000
FLUX   58    29.60        1.012813E+16   1.7113E-37   1.7113E-37   0.99999
FLUX   59    30.10        9.959884E+15   6.8626E-37   6.8632E-37   0.99991
FLUX   60    30.80        9.733523E+15   4.2921E-36   4.2922E-36   0.99999
FLUX   61    31.80        9.427437E+15   5.0807E-35   5.0807E-35   0.99999
FLUX   62    32.80        9.140015E+15   5.1842E-34   5.1842E-34   0.99999
FLUX   63    33.80        8.869601E+15   4.6301E-33   4.6301E-33   1.00000
FLUX   64    34.80        8.614727E+15   3.6484E-32   3.6484E-32   1.00000
FLUX   65    35.70        8.397549E+15   2.1217E-31   2.1217E-31   0.99999
FLUX   66    36.60        8.191052E+15   1.1313E-30   1.1313E-30   1.00000
FLUX   67    37.50        7.994467E+15   5.5658E-30   5.5658E-30   0.99999
FLUX   68    38.50        7.786818E+15   2.9928E-29   2.9928E-29   1.00000
FLUX   69    39.50        7.589684E+15   1.4770E-28   1.4770E-28   1.00000
FLUX   70    40.50        7.402284E+15   6.7279E-28   6.7279E-28   1.00000
FLUX   71    41.40        7.241365E+15   2.4715E-27   2.4715E-27   1.00000
FLUX   72    42.20        7.104088E+15   7.4931E-27   7.4932E-27   1.00000
FLUX   73    43.00        6.971919E+15   2.1779E-26   2.1779E-26   0.99999
FLUX   74    44.10        6.798016E+15   8.8553E-26   8.8553E-26   1.00000
FLUX   75    45.10        6.647284E+15   2.9827E-25   2.9827E-25   1.00000
FLUX   76    46.00        6.517228E+15   8.4949E-25   8.4949E-25   1.00000
FLUX   77    47.00        6.378564E+15   2.5902E-24   2.5902E-24   1.00000
FLUX   78    48.00        6.245677E+15   7.5297E-24   7.5297E-24   1.00000
FLUX   79    49.00        6.118214E+15   2.0930E-23   2.0930E-23   1.00000
FLUX   80    50.00        5.995850E+15   5.5782E-23   5.5782E-23   1.00000
FLUX   81    50.60        5.924753E+15   9.7179E-23   9.8876E-23   0.98284
FLUX   82    51.20        5.855322E+15   1.7217E-22   1.7218E-22   0.99994
FLUX   83    52.00        5.765240E+15   3.5344E-22   3.5345E-22   0.99996
FLUX   84    53.00        5.656462E+15   8.4176E-22   8.4176E-22   1.00000
FLUX   85    54.00        5.551713E+15   1.9393E-21   1.9393E-21   0.99998
FLUX   86    55.00        5.450773E+15   4.3305E-21   4.3305E-21   1.00000
FLUX   87    56.00        5.353438E+15   9.3888E-21   9.3888E-21   1.00000
FLUX   88    57.00        5.259518E+15   1.9792E-20   1.9792E-20   1.00000
FLUX   89    58.00        5.168836E+15   4.0626E-20   4.0626E-20   0.99999
FLUX   90    59.00        5.081229E+15   8.1319E-20   8.1319E-20   1.00000
FLUX   91    60.00        4.996542E+15   1.5892E-19   1.5892E-19   1.00000
FLUX   92    61.00        4.914631E+15   3.0357E-19   3.0357E-19   1.00000
FLUX   93    62.00        4.835363E+15   5.6746E-19   5.6746E-19   1.00000
FLUX   94    63.00        4.758611E+15   1.0391E-18   1.0391E-18   1.00000
FLUX   95    64.00        4.684258E+15   1.8658E-18   1.8658E-18   1.00000
FLUX   96    65.00        4.612192E+15   3.2880E-18   3.2880E-18   1.00000
FLUX   97    65.80        4.556117E+15   5.1072E-18   5.1072E-18   1.00000
FLUX   98    66.50        4.508158E+15   7.4403E-18   7.4403E-18   1.00000
FLUX   99    67.50        4.441370E+15   1.2558E-17   1.2558E-17   1.00000
FLUX  100    68.50        4.376533E+15   2.0860E-17   2.0860E-17   1.00000
FLUX  101    69.50        4.313561E+15   3.4127E-17   3.4127E-17   1.00000
FLUX  102    70.50        4.252376E+15   5.5025E-17   5.5025E-17   1.00000
FLUX  103    71.60        4.187046E+15   9.1574E-17   9.1574E-17   1.00000
FLUX  104    72.60        4.129373E+15   1.4348E-16   1.4348E-16   1.00000
FLUX  105    73.50        4.078810E+15   2.1260E-16   2.1260E-16   1.00000
FLUX  106    74.50        4.024060E+15   3.2527E-16   3.2527E-16   1.00000
FLUX  107    75.50        3.970762E+15   4.9182E-16   4.9182E-16   1.00000
FLUX  108    76.50        3.918856E+15   7.3527E-16   7.3527E-16   1.00000
FLUX  109    77.50        3.868290E+15   1.0873E-15   1.0873E-15   1.00000
FLUX  110    78.50        3.819013E+15   1.5912E-15   1.5912E-15   1.00000
FLUX  111    79.50        3.770975E+15   2.2686E-15   2.3053E-15   0.98406
FLUX  112    80.50        3.724130E+15   3.3077E-15   3.3077E-15   1.00000
FLUX  113    81.50        3.678436E+15   4.7019E-15   4.7019E-15   1.00000
FLUX  114    82.50        3.633848E+15   6.6242E-15   6.6242E-15   1.00000
FLUX  115    83.50        3.590329E+15   9.2519E-15   9.2519E-15   1.00000
FLUX  116    84.50        3.547840E+15   1.2815E-14   1.2815E-14   1.00000
FLUX  117    85.50        3.506345E+15   1.7608E-14   1.7608E-14   1.00000
FLUX  118    86.50        3.465809E+15   2.4006E-14   2.4006E-14   1.00000
FLUX  119    87.50        3.426200E+15   3.2486E-14   3.2486E-14   1.00000
FLUX  120    88.50        3.387486E+15   4.3645E-14   4.3645E-14   1.00000
FLUX  121    89.50        3.349637E+15   5.8229E-14   5.8229E-14   1.00000
FLUX  122    90.50        3.312624E+15   7.5930E-14   7.7165E-14   0.98399
FLUX  123    91.50        3.276421E+15   6.7774E-13   5.8906E-12   0.11506
FLUX  124    92.50        3.241000E+15   3.9514E-12   7.4904E-12   0.52753
FLUX  125    93.50        3.206337E+15   5.9281E-12   9.3305E-12   0.63535
FLUX  126    94.50        3.172407E+15   8.5747E-12   1.1496E-11   0.74589
FLUX  127    95.50        3.139188E+15   1.2012E-11   1.4071E-11   0.85368
FLUX  128    96.50        3.106658E+15   1.5594E-11   1.7067E-11   0.91373
FLUX  129    97.50        3.074795E+15   1.6162E-11   2.0529E-11   0.78726
FLUX  130    98.50        3.043579E+15   2.2540E-11   2.4863E-11   0.90659
FLUX  131    99.50        3.012990E+15   2.5852E-11   2.9738E-11   0.86930
FLUX  132   100.50        2.983010E+15   3.3366E-11   3.5373E-11   0.94325
FLUX  133   101.50        2.953621E+15   3.9879E-11   4.1739E-11   0.95543
FLUX  134   102.50        2.924805E+15   3.8522E-11   5.0010E-11   0.77029
FLUX  135   103.50        2.896546E+15   5.5719E-11   5.9083E-11   0.94306
FLUX  136   104.50        2.868828E+15   6.7498E-11   6.9822E-11   0.96671
FLUX  137   105.50        2.841635E+15   7.9971E-11   8.2462E-11   0.96979
FLUX  138   106.50        2.814953E+15   9.1866E-11   9.7501E-11   0.94221
FLUX  139   107.50        2.788767E+15   1.1123E-10   1.1532E-10   0.96460
FLUX  140   108.50        2.763065E+15   1.3087E-10   1.3611E-10   0.96153
FLUX  141   109.50        2.737831E+15   1.4870E-10   1.5999E-10   0.92944
FLUX  142   110.50        2.713054E+15   3.0073E-10   9.2003E-10   0.32686
FLUX  143   111.50        2.688722E+15   7.2798E-10   1.1471E-09   0.63464
FLUX  144   112.50        2.664822E+15   9.6815E-10   1.4041E-09   0.68950
FLUX  145   113.50        2.641344E+15   1.2784E-09   1.7130E-09   0.74630
FLUX  146   114.50        2.618275E+15   1.5055E-09   2.0268E-09   0.74280
FLUX  147   115.50        2.595606E+15   1.6214E-09   2.3307E-09   0.69567
FLUX  148   116.50        2.573326E+15   2.0557E-09   2.5959E-09   0.79191
FLUX  149   117.50        2.551426E+15   2.3191E-09   2.7854E-09   0.83258
FLUX  150   118.50        2.529895E+15   2.4150E-09   3.7653E-09   0.64138
FLUX  151   119.50        2.508724E+15   1.4397E-09   4.2046E-09   0.34241
FLUX  152   120.50        2.487905E+15   1.3578E-09   4.6617E-09   0.29127
FLUX  153   121.50        2.467428E+15   3.0565E-10   5.1431E-09   0.05943
FLUX  154   122.50        2.447286E+15   1.4861E-09   6.1006E-09   0.24361
FLUX  155   123.50        2.427470E+15   3.2193E-09   6.6567E-09   0.48362
FLUX  156   124.50        2.407972E+15   5.2947E-09   2.0006E-07   0.02647
FLUX  157   125.50        2.388785E+15   1.1808E-08   5.2428E-07   0.02252
FLUX  158   126.50        2.369901E+15   1.9083E-08   8.6096E-07   0.02216
FLUX  159   127.50        2.351314E+15   5.3733E-08   1.0735E-06   0.05005
FLUX  160   128.50        2.333016E+15   1.6028E-07   1.2757E-06   0.12564
FLUX  161   129.50        2.315000E+15   2.2920E-07   1.3993E-06   0.16379
FLUX  162   130.50        2.297261E+15   1.3262E-07   1.5059E-06   0.08806
FLUX  163   131.50        2.279791E+15   3.3380E-07   1.5791E-06   0.21139
FLUX  164   132.50        2.262585E+15   4.3952E-07   1.6374E-06   0.26842
FLUX  165   133.50        2.245637E+15   4.6101E-07   1.6807E-06   0.27429
FLUX  166   134.50        2.228941E+15   6.5043E-07   1.7096E-06   0.38045
FLUX  167   135.50        2.212491E+15   6.0809E-07   1.7363E-06   0.35022
FLUX  168   136.50        2.196282E+15   5.9059E-07   1.7695E-06   0.33377
FLUX  169   137.50        2.180309E+15   6.2973E-07   1.7957E-06   0.35068
FLUX  170   138.50        2.164567E+15   4.9708E-07   1.8172E-06   0.27354
FLUX  171   139.50        2.149050E+15   5.4632E-07   1.8338E-06   0.29791
FLUX  172   140.50        2.133754E+15   7.3178E-07   1.8482E-06   0.39595
FLUX  173   141.50        2.118675E+15   8.5372E-07   1.8595E-06   0.45911
FLUX  174   142.50        2.103807E+15   1.0301E-06   1.8950E-06   0.54361
FLUX  175   143.50        2.089146E+15   8.8834E-07   1.9040E-06   0.46657
FLUX  176   144.20        2.079005E+15   1.1365E-06   1.9098E-06   0.59509
FLUX  177   144.70        2.071821E+15   1.2188E-06   2.4602E-06   0.49541
FLUX  178   145.50        2.060430E+15   1.3175E-06   2.4671E-06   0.53404
FLUX  179   146.50        2.046365E+15   1.2398E-06   2.4739E-06   0.50117
FLUX  180   147.50        2.032492E+15   1.2726E-06   2.4778E-06   0.51363
FLUX  181   148.50        2.018805E+15   1.3900E-06   2.4792E-06   0.56068
FLUX  182   149.50        2.005301E+15   1.5944E-06   2.4787E-06   0.64323
FLUX  183   150.50        1.991977E+15   1.6726E-06   2.4759E-06   0.67554
FLUX  184   151.20        1.982755E+15   1.4737E-06   2.4731E-06   0.59587
FLUX  185   151.70        1.976220E+15   1.6547E-06   3.3672E-06   0.49142
FLUX  186   152.50        1.965852E+15   1.5424E-06   5.8959E-06   0.26161
FLUX  187   153.50        1.953046E+15   1.9561E-06   7.3066E-06   0.26771
FLUX  188   154.50        1.940405E+15   2.8382E-06   7.3508E-06   0.38611
FLUX  189   155.50        1.927926E+15   2.0329E-06   7.3919E-06   0.27501
FLUX  190   156.50        1.915607E+15   1.7608E-06   7.4320E-06   0.23693
FLUX  191   157.50        1.903444E+15   2.8590E-06   7.5265E-06   0.37986
FLUX  192   158.50        1.891435E+15   3.6462E-06   7.5641E-06   0.48204
FLUX  193   159.50        1.879577E+15   4.1622E-06   7.5987E-06   0.54775
FLUX  194   160.50        1.867866E+15   4.1478E-06   7.6315E-06   0.54351
FLUX  195   161.50        1.856300E+15   4.1063E-06   7.6627E-06   0.53588
FLUX  196   162.50        1.844877E+15   3.4830E-06   7.7190E-06   0.45122
FLUX  197   163.50        1.833593E+15   3.8533E-06   7.7501E-06   0.49720
FLUX  198   164.50        1.822447E+15   5.2013E-06   7.7803E-06   0.66852
FLUX  199   165.50        1.811435E+15   3.5891E-06   7.8103E-06   0.45954
FLUX  200   166.50        1.800556E+15   5.2445E-06   7.8393E-06   0.66900
FLUX  201   167.20        1.793017E+15   3.2464E-06   7.8593E-06   0.41306
FLUX  202   167.70        1.787671E+15   5.1477E-06   8.4414E-06   0.60981
FLUX  203   168.50        1.779184E+15   6.0625E-06   8.7650E-06   0.69167
FLUX  204   169.50        1.768687E+15   4.8865E-06   8.7916E-06   0.55582
FLUX  205   170.50        1.758314E+15   5.0199E-06   8.8182E-06   0.56927
FLUX  206   171.50        1.748061E+15   5.4666E-06   8.8704E-06   0.61627
FLUX  207   172.50        1.737928E+15   5.4523E-06   8.8979E-06   0.61276
FLUX  208   173.50        1.727911E+15   6.1667E-06   8.9236E-06   0.69106
FLUX  209   174.50        1.718009E+15   5.9801E-06   8.9510E-06   0.66809
FLUX  210   175.50        1.708219E+15   6.9124E-06   8.9766E-06   0.77005
FLUX  211   176.50        1.698541E+15   5.4078E-06   9.0019E-06   0.60074
FLUX  212   177.50        1.688972E+15   6.6780E-06   9.0274E-06   0.73976
FLUX  213   178.50        1.679510E+15   6.6865E-06   9.0534E-06   0.73855
FLUX  214   179.50        1.670153E+15   7.6664E-06   9.0795E-06   0.84437
FLUX  215   180.50        1.660900E+15   7.0327E-06   9.1063E-06   0.77229
FLUX  216   181.50        1.651749E+15   7.1662E-06   9.1329E-06   0.78465
FLUX  217   182.50        1.642699E+15   6.7513E-06   9.1600E-06   0.73704
FLUX  218   183.50        1.633747E+15   6.5649E-06   9.1882E-06   0.71449
FLUX  219   184.50        1.624892E+15   5.9287E-06   9.2165E-06   0.64328
FLUX  220   185.50        1.616132E+15   6.5386E-06   9.2452E-06   0.70724
FLUX  221   186.50        1.607466E+15   6.8477E-06   9.2734E-06   0.73843
FLUX  222   187.50        1.598893E+15   7.0731E-06   9.3080E-06   0.75989
FLUX  223   188.50        1.590411E+15   7.1343E-06   9.3367E-06   0.76411
FLUX  224   189.50        1.582018E+15   7.3511E-06   9.3656E-06   0.78491
FLUX  225   190.50        1.573714E+15   6.8529E-06   9.3945E-06   0.72945
FLUX  226   191.50        1.565496E+15   7.4979E-06   9.4249E-06   0.79554
FLUX  227   192.50        1.557364E+15   7.6331E-06   9.4541E-06   0.80739
FLUX  228   193.50        1.549315E+15   6.9065E-06   9.4836E-06   0.72825
FLUX  229   194.50        1.541350E+15   7.9841E-06   9.5134E-06   0.83925
FLUX  230   195.50        1.533465E+15   7.9669E-06   9.5433E-06   0.83481
FLUX  231   196.70        1.524110E+15   8.4590E-06   9.5795E-06   0.88303
FLUX  232   197.60        1.517169E+15   8.3110E-06   9.6226E-06   0.86369
FLUX  233   198.40        1.511051E+15   8.0885E-06   9.6478E-06   0.83838
FLUX  234   199.50        1.502719E+15   7.8977E-06   9.6902E-06   0.81502
FLUX  235   200.50        1.495224E+15   7.6484E-06   9.7218E-06   0.78673
FLUX  236   201.50        1.487804E+15   7.5270E-06   9.7537E-06   0.77171
FLUX  237   202.50        1.480457E+15   7.2927E-06   9.7858E-06   0.74523
FLUX  238   203.50        1.473182E+15   7.9040E-06   9.8181E-06   0.80505
FLUX  239   204.50        1.465978E+15   8.4760E-06   9.8506E-06   0.86046
FLUX  240   205.50        1.458844E+15   8.1143E-06   9.8837E-06   0.82098
FLUX  241   206.50        1.451780E+15   7.9866E-06   9.9171E-06   0.80534
FLUX  242   207.40        1.445480E+15   8.7152E-06   9.9474E-06   0.87613
FLUX  243   207.80        1.442697E+15   9.0061E-06   1.0092E-05   0.89239
FLUX  244   208.50        1.437854E+15   8.8219E-06   1.0118E-05   0.87193
FLUX  245   209.50        1.430990E+15   8.5343E-06   1.0154E-05   0.84046
FLUX  246   210.50        1.424192E+15   8.1810E-06   1.0191E-05   0.80275
FLUX  247   211.50        1.417459E+15   8.3163E-06   1.0228E-05   0.81306
FLUX  248   212.50        1.410788E+15   8.6287E-06   1.0266E-05   0.84052
FLUX  249   213.50        1.404180E+15   7.1724E-06   1.0304E-05   0.69610
FLUX  250   214.50        1.397634E+15   8.3025E-06   1.0342E-05   0.80282
FLUX  251   215.50        1.391148E+15   8.3970E-06   1.0380E-05   0.80898
FLUX  252   216.50        1.384723E+15   7.9234E-06   1.0418E-05   0.76055
FLUX  253   217.50        1.378356E+15   7.8728E-06   1.0456E-05   0.75292
FLUX  254   218.50        1.372048E+15   8.1673E-06   1.0495E-05   0.77819
FLUX  255   219.50        1.365797E+15   8.7587E-06   1.0535E-05   0.83142
FLUX  256   220.50        1.359603E+15   8.4512E-06   1.0574E-05   0.79923
FLUX  257   221.50        1.353465E+15   7.7042E-06   1.0614E-05   0.72583
FLUX  258   222.50        1.347382E+15   7.6978E-06   1.0655E-05   0.72244
FLUX  259   223.50        1.341353E+15   8.8153E-06   1.0696E-05   0.82419
FLUX  260   224.50        1.335379E+15   7.9039E-06   1.0737E-05   0.73617
FLUX  261   225.50        1.329457E+15   7.6953E-06   1.0782E-05   0.71372
FLUX  262   226.50        1.323587E+15   7.7735E-06   1.0823E-05   0.71824
FLUX  263   227.50        1.317769E+15   8.3646E-06   1.0864E-05   0.76992
FLUX  264   228.50        1.312002E+15   8.7798E-06   1.0906E-05   0.80507
FLUX  265   229.50        1.306285E+15   8.2121E-06   1.0947E-05   0.75016
FLUX  266   230.50        1.300618E+15   8.2347E-06   1.0989E-05   0.74935
FLUX  267   231.50        1.295000E+15   8.0596E-06   1.1031E-05   0.73062
FLUX  268   232.50        1.289430E+15   8.0186E-06   1.1074E-05   0.72412
FLUX  269   233.50        1.283908E+15   7.5660E-06   1.1117E-05   0.68056
FLUX  270   234.50        1.278433E+15   6.8625E-06   1.1160E-05   0.61491
FLUX  271   235.50        1.273004E+15   8.2794E-06   1.1203E-05   0.73902
FLUX  272   236.50        1.267622E+15   7.1370E-06   1.1246E-05   0.63461
FLUX  273   237.50        1.262284E+15   7.7841E-06   1.1290E-05   0.68948
FLUX  274   238.50        1.256992E+15   6.6688E-06   1.1334E-05   0.58841
FLUX  275   239.50        1.251743E+15   7.4953E-06   1.1377E-05   0.65879
FLUX  276   240.50        1.246538E+15   7.1888E-06   1.1421E-05   0.62942
FLUX  277   241.50        1.241377E+15   7.4379E-06   1.1465E-05   0.64873
FLUX  278   242.50        1.236258E+15   8.2390E-06   1.1510E-05   0.71584
FLUX  279   243.50        1.231181E+15   7.9242E-06   1.1554E-05   0.68584
FLUX  280   244.50        1.226145E+15   8.5594E-06   1.1600E-05   0.73787
FLUX  281   245.50        1.221151E+15   8.3418E-06   1.1645E-05   0.71635
FLUX  282   246.50        1.216197E+15   8.4148E-06   1.1690E-05   0.71985
FLUX  283   247.50        1.211283E+15   8.0260E-06   1.1735E-05   0.68395
FLUX  284   248.50        1.206408E+15   8.4539E-06   1.1780E-05   0.71766
FLUX  285   249.50        1.201573E+15   8.1450E-06   1.1825E-05   0.68878
FLUX  286   250.50        1.196776E+15   9.3706E-06   1.1872E-05   0.78932
FLUX  287   251.30        1.192967E+15   8.2338E-06   1.1908E-05   0.69143
FLUX  288   251.80        1.190598E+15   8.4291E-06   1.1989E-05   0.70310
FLUX  289   252.50        1.187297E+15   7.8294E-06   1.2021E-05   0.65133
FLUX  290   253.50        1.182613E+15   7.7115E-06   1.2068E-05   0.63900
FLUX  291   254.50        1.177967E+15   7.6216E-06   1.2115E-05   0.62909
FLUX  292   255.50        1.173356E+15   8.3312E-06   1.2163E-05   0.68498
FLUX  293   256.50        1.168782E+15   8.4099E-06   1.2210E-05   0.68877
FLUX  294   257.50        1.164243E+15   9.2592E-06   1.2258E-05   0.75538
FLUX  295   258.50        1.159739E+15   9.3987E-06   1.2305E-05   0.76379
FLUX  296   259.50        1.155270E+15   9.2485E-06   1.2353E-05   0.74867
FLUX  297   260.50        1.150835E+15   8.8979E-06   1.2401E-05   0.71752
FLUX  298   261.50        1.146434E+15   8.7626E-06   1.2449E-05   0.70389
FLUX  299   262.50        1.142067E+15   9.6576E-06   1.2497E-05   0.77281
FLUX  300   263.50        1.137732E+15   9.7522E-06   1.2545E-05   0.77737
FLUX  301   264.50        1.133431E+15   1.1130E-05   1.2593E-05   0.88381
FLUX  302   265.50        1.129162E+15   1.1110E-05   1.2642E-05   0.87883
FLUX  303   266.50        1.124925E+15   1.0037E-05   1.2690E-05   0.79092
FLUX  304   267.50        1.120720E+15   1.0660E-05   1.2738E-05   0.83683
FLUX  305   268.50        1.116546E+15   1.0703E-05   1.2787E-05   0.83705
FLUX  306   269.50        1.112403E+15   1.0195E-05   1.2835E-05   0.79433
FLUX  307   270.50        1.108290E+15   1.0564E-05   1.2884E-05   0.81996
FLUX  308   271.50        1.104208E+15   1.0002E-05   1.2933E-05   0.77339
FLUX  309   272.50        1.100156E+15   1.0198E-05   1.2981E-05   0.78564
FLUX  310   273.50        1.096133E+15   1.1123E-05   1.3030E-05   0.85364
FLUX  311   274.50        1.092140E+15   9.3000E-06   1.3078E-05   0.71109
FLUX  312   275.50        1.088176E+15   9.6164E-06   1.3127E-05   0.73256
FLUX  313   276.50        1.084241E+15   1.0035E-05   1.3176E-05   0.76162
FLUX  314   277.50        1.080333E+15   1.0961E-05   1.3225E-05   0.82883
FLUX  315   278.50        1.076454E+15   1.0601E-05   1.3274E-05   0.79870
FLUX  316   279.50        1.072603E+15   7.3737E-06   1.3322E-05   0.55349
FLUX  317   280.50        1.068779E+15   8.6296E-06   1.3371E-05   0.64539
FLUX  318   281.50        1.064982E+15   1.1590E-05   1.3420E-05   0.86361
FLUX  319   282.50        1.061212E+15   1.1924E-05   1.3469E-05   0.88531
FLUX  320   283.50        1.057469E+15   1.1506E-05   1.3518E-05   0.85117
FLUX  321   284.50        1.053752E+15   1.1106E-05   1.3566E-05   0.81863
FLUX  322   285.50        1.050061E+15   1.0711E-05   1.3615E-05   0.78672
FLUX  323   286.50        1.046396E+15   1.1698E-05   1.3664E-05   0.85614
FLUX  324   287.50        1.042757E+15   1.1435E-05   1.3713E-05   0.83387
FLUX  325   288.50        1.039142E+15   1.1748E-05   1.3761E-05   0.85369
FLUX  326   289.50        1.035553E+15   1.1307E-05   1.3810E-05   0.81875
FLUX  327   291.00        1.030215E+15   1.2743E-05   1.3883E-05   0.91784
FLUX  328   293.00        1.023183E+15   1.2347E-05   1.3980E-05   0.88318
FLUX  329   295.00        1.016246E+15   1.2449E-05   1.4077E-05   0.88431
FLUX  330   297.00        1.009402E+15   1.2845E-05   1.4174E-05   0.90621
FLUX  331   299.00        1.002651E+15   1.3060E-05   1.4271E-05   0.91516
FLUX  332   301.00        9.959884E+14   1.3385E-05   1.4367E-05   0.93165
FLUX  333   303.00        9.894142E+14   1.3401E-05   1.4463E-05   0.92656
FLUX  334   305.00        9.829262E+14   1.3473E-05   1.4559E-05   0.92544
FLUX  335   307.00        9.765228E+14   1.3561E-05   1.4654E-05   0.92537
FLUX  336   309.00        9.702023E+14   1.3868E-05   1.4750E-05   0.94024
FLUX  337   311.00        9.639630E+14   1.3693E-05   1.4845E-05   0.92243
FLUX  338   313.00        9.578035E+14   1.3816E-05   1.4939E-05   0.92480
FLUX  339   315.00        9.517222E+14   1.4203E-05   1.5033E-05   0.94478
FLUX  340   317.00        9.457177E+14   1.4278E-05   1.5128E-05   0.94386
FLUX  341   319.00        9.397884E+14   1.3833E-05   1.5221E-05   0.90879
FLUX  342   321.00        9.339330E+14   1.4279E-05   1.5315E-05   0.93238
FLUX  343   323.00        9.281502E+14   1.4073E-05   1.5408E-05   0.91339
FLUX  344   325.00        9.224385E+14   1.4477E-05   1.5500E-05   0.93403
FLUX  345   327.00        9.167966E+14   1.4731E-05   1.5592E-05   0.94479
FLUX  346   329.00        9.112234E+14   1.5004E-05   1.5683E-05   0.95671
FLUX  347   331.00        9.057175E+14   1.5231E-05   1.5773E-05   0.96558
FLUX  348   333.00        9.002778E+14   1.5075E-05   1.5864E-05   0.95029
FLUX  349   335.00        8.949030E+14   1.5012E-05   1.5953E-05   0.94102
FLUX  350   337.00        8.895920E+14   1.5141E-05   1.6042E-05   0.94384
FLUX  351   339.00        8.843437E+14   1.5217E-05   1.6130E-05   0.94337
FLUX  352   341.00        8.791569E+14   1.5576E-05   1.6218E-05   0.96039
FLUX  353   343.00        8.740306E+14   1.5714E-05   1.6305E-05   0.96377
FLUX  354   345.00        8.689638E+14   1.5752E-05   1.6392E-05   0.96097
FLUX  355   347.00        8.639553E+14   1.5736E-05   1.6477E-05   0.95500
FLUX  356   349.00        8.590043E+14   1.5845E-05   1.6562E-05   0.95671
FLUX  357   351.00        8.541097E+14   1.6188E-05   1.6647E-05   0.97243
FLUX  358   353.00        8.492705E+14   1.6323E-05   1.6730E-05   0.97567
FLUX  359   355.00        8.444859E+14   1.6539E-05   1.6813E-05   0.98370
FLUX  360   357.00        8.397549E+14   1.6327E-05   1.6895E-05   0.96634
FLUX  361   359.00        8.350766E+14   1.6402E-05   1.6977E-05   0.96614
FLUX  362   361.00        8.304501E+14   1.6527E-05   1.7058E-05   0.96887
FLUX  363   363.00        8.258747E+14   1.6696E-05   1.7138E-05   0.97420
FLUX  364   364.00        8.236058E+14   1.6656E-05   1.7178E-05   0.96962
FLUX  365   365.00        8.213493E+14   1.7036E-05   6.2134E-05   0.27418
FLUX  366   367.00        8.168733E+14   1.7170E-05   6.1869E-05   0.27752
FLUX  367   369.00        8.124458E+14   1.6825E-05   6.1611E-05   0.27309
FLUX  368   371.00        8.080660E+14   1.6806E-05   6.1350E-05   0.27394
FLUX  369   373.00        8.037332E+14   1.6596E-05   6.1091E-05   0.27165
FLUX  370   375.00        7.994467E+14   1.9925E-05   6.0832E-05   0.32755
FLUX  371   377.00        7.952056E+14   2.1240E-05   6.0584E-05   0.35059
FLUX  372   379.00        7.910092E+14   2.6339E-05   6.0329E-05   0.43659
FLUX  373   381.00        7.868570E+14   3.1485E-05   6.0077E-05   0.52408
FLUX  374   383.00        7.827480E+14   2.5124E-05   5.9826E-05   0.41996
FLUX  375   385.00        7.786818E+14   3.6139E-05   5.9577E-05   0.60660
FLUX  376   387.00        7.746576E+14   4.2353E-05   5.9328E-05   0.71387
FLUX  377   389.00        7.706748E+14   2.2842E-05   5.9082E-05   0.38662
FLUX  378   391.00        7.667327E+14   4.3574E-05   5.8837E-05   0.74059
FLUX  379   393.00        7.628308E+14   4.5786E-05   5.8594E-05   0.78141
FLUX  380   395.00        7.589684E+14   4.4554E-05   5.8353E-05   0.76351
FLUX  381   397.00        7.551448E+14   2.2741E-05   5.8114E-05   0.39131
FLUX  382   399.00        7.513596E+14   4.3385E-05   5.7876E-05   0.74962
FLUX  383   401.00        7.476122E+14   5.2471E-05   5.7639E-05   0.91034
FLUX  384   403.00        7.439020E+14   5.3647E-05   5.7403E-05   0.93456
FLUX  385   405.00        7.402284E+14   5.3285E-05   5.7169E-05   0.93207
FLUX  386   407.00        7.365909E+14   4.9774E-05   5.6936E-05   0.87420
FLUX  387   409.00        7.329890E+14   3.5854E-05   5.6705E-05   0.63228
FLUX  388   411.00        7.294221E+14   2.7216E-05   5.6477E-05   0.48191
FLUX  389   413.00        7.258898E+14   4.7511E-05   5.6250E-05   0.84463
FLUX  390   415.00        7.223916E+14   5.2493E-05   5.6026E-05   0.93693
FLUX  391   417.00        7.189269E+14   5.3293E-05   5.5803E-05   0.95501
FLUX  392   419.00        7.154952E+14   5.3267E-05   5.5582E-05   0.95834
FLUX  393   421.00        7.120962E+14   5.3398E-05   5.5363E-05   0.96451
FLUX  394   423.00        7.087293E+14   5.2585E-05   5.5144E-05   0.95359
FLUX  395   425.00        7.053941E+14   5.2631E-05   5.4927E-05   0.95820
FLUX  396   427.00        7.020902E+14   5.1322E-05   5.4712E-05   0.93803
FLUX  397   429.00        6.988170E+14   5.1211E-05   5.4498E-05   0.93969
FLUX  398   431.00        6.955742E+14   4.6589E-05   5.4285E-05   0.85822
FLUX  399   433.00        6.923614E+14   3.2965E-05   5.4074E-05   0.60962
FLUX  400   435.00        6.891782E+14   2.8209E-05   5.3863E-05   0.52372
FLUX  401   437.00        6.860240E+14   4.6402E-05   5.3653E-05   0.86484
FLUX  402   439.00        6.828986E+14   4.9836E-05   5.3445E-05   0.93248
FLUX  403   441.00        6.798016E+14   5.0479E-05   5.3238E-05   0.94818
FLUX  404   443.00        6.767325E+14   5.0517E-05   5.3033E-05   0.95256
FLUX  405   445.00        6.736910E+14   5.1386E-05   5.2828E-05   0.97269
FLUX  406   447.00        6.706767E+14   5.1254E-05   5.2625E-05   0.97395
FLUX  407   449.00        6.676893E+14   5.0557E-05   5.2423E-05   0.96440
FLUX  408   451.00        6.647284E+14   5.1303E-05   5.2223E-05   0.98240
FLUX  409   453.00        6.617936E+14   5.0713E-05   5.2023E-05   0.97482
FLUX  410   455.00        6.588846E+14   5.0043E-05   5.1825E-05   0.96561
FLUX  411   457.00        6.560011E+14   5.0861E-05   5.1629E-05   0.98513
FLUX  412   459.00        6.531427E+14   5.0182E-05   5.1434E-05   0.97567
FLUX  413   461.00        6.503091E+14   5.0837E-05   5.1240E-05   0.99215
FLUX  414   463.00        6.475000E+14   4.9927E-05   5.1047E-05   0.97805
FLUX  415   465.00        6.447151E+14   5.0395E-05   5.0856E-05   0.99093
FLUX  416   467.00        6.419540E+14   5.0195E-05   5.0666E-05   0.99071
FLUX  417   469.00        6.392164E+14   4.9027E-05   5.0477E-05   0.97128
FLUX  418   471.00        6.365021E+14   4.7709E-05   5.0288E-05   0.94871
FLUX  419   473.00        6.338108E+14   4.9445E-05   5.0101E-05   0.98690
FLUX  420   475.00        6.311421E+14   4.9302E-05   4.9915E-05   0.98773
FLUX  421   477.00        6.284958E+14   4.8869E-05   4.9730E-05   0.98269
FLUX  422   479.00        6.258716E+14   4.8362E-05   4.9546E-05   0.97611
FLUX  423   481.00        6.232692E+14   4.7109E-05   4.9363E-05   0.95433
FLUX  424   483.00        6.206884E+14   4.3835E-05   4.9182E-05   0.89128
FLUX  425   485.00        6.181289E+14   3.2414E-05   4.9001E-05   0.66150
FLUX  426   487.00        6.155903E+14   2.6384E-05   4.8822E-05   0.54042
FLUX  427   489.00        6.130726E+14   4.1601E-05   4.8643E-05   0.85522
FLUX  428   491.00        6.105754E+14   4.5828E-05   4.8466E-05   0.94557
FLUX  429   493.00        6.080984E+14   4.6351E-05   4.8290E-05   0.95985
FLUX  430   495.00        6.056414E+14   4.7078E-05   4.8115E-05   0.97844
FLUX  431   497.00        6.032042E+14   4.7437E-05   4.7941E-05   0.98948
FLUX  432   499.00        6.007866E+14   4.6980E-05   4.7768E-05   0.98350
FLUX  433   501.00        5.983882E+14   4.6187E-05   4.7595E-05   0.97040
FLUX  434   503.00        5.960089E+14   4.6707E-05   4.7424E-05   0.98488
FLUX  435   505.00        5.936485E+14   4.6228E-05   4.7254E-05   0.97829
FLUX  436   507.00        5.913067E+14   4.6701E-05   4.7084E-05   0.99186
FLUX  437   509.00        5.889833E+14   4.6517E-05   4.6916E-05   0.99150
FLUX  438   511.00        5.866781E+14   4.6413E-05   4.6748E-05   0.99283
FLUX  439   513.00        5.843908E+14   4.6116E-05   4.6582E-05   0.99001
FLUX  440   515.00        5.821214E+14   4.5746E-05   4.6416E-05   0.98556
FLUX  441   517.00        5.798694E+14   4.4913E-05   4.6252E-05   0.97105
FLUX  442   519.00        5.776349E+14   4.4911E-05   4.6088E-05   0.97446
FLUX  443   521.00        5.754175E+14   4.5265E-05   4.5925E-05   0.98561
FLUX  444   523.00        5.732170E+14   4.4725E-05   4.5764E-05   0.97731
FLUX  445   525.00        5.710333E+14   4.5270E-05   4.5603E-05   0.99271
FLUX  446   527.00        5.688662E+14   4.4097E-05   4.5443E-05   0.97038
FLUX  447   529.00        5.667155E+14   4.4881E-05   4.5284E-05   0.99111
FLUX  448   531.00        5.645810E+14   4.4380E-05   4.5125E-05   0.98349
FLUX  449   533.00        5.624625E+14   4.3921E-05   4.4968E-05   0.97671
FLUX  450   535.00        5.603598E+14   4.4471E-05   4.4811E-05   0.99241
FLUX  451   537.00        5.582728E+14   4.4133E-05   4.4656E-05   0.98831
FLUX  452   539.00        5.562013E+14   4.4027E-05   4.4501E-05   0.98935
FLUX  453   541.00        5.541451E+14   4.3580E-05   4.4347E-05   0.98271
FLUX  454   543.00        5.521041E+14   4.3695E-05   4.4194E-05   0.98872
FLUX  455   545.00        5.500780E+14   4.3709E-05   4.4041E-05   0.99245
FLUX  456   547.00        5.480667E+14   4.3554E-05   4.3890E-05   0.99234
FLUX  457   549.00        5.460701E+14   4.3479E-05   4.3739E-05   0.99406
FLUX  458   551.00        5.440880E+14   4.3355E-05   4.3589E-05   0.99461
FLUX  459   553.00        5.421203E+14   4.3059E-05   4.3441E-05   0.99122
FLUX  460   555.00        5.401667E+14   4.3093E-05   4.3292E-05   0.99540
FLUX  461   557.00        5.382271E+14   4.2869E-05   4.3145E-05   0.99361
FLUX  462   559.00        5.363014E+14   4.2695E-05   4.2999E-05   0.99294
FLUX  463   561.00        5.343895E+14   4.2655E-05   4.2853E-05   0.99539
FLUX  464   563.00        5.324911E+14   4.2595E-05   4.2710E-05   0.99731
FLUX  465   565.00        5.306062E+14   4.2402E-05   4.2566E-05   0.99615
FLUX  466   567.00        5.287346E+14   4.2204E-05   4.2422E-05   0.99485
FLUX  467   569.00        5.268761E+14   4.2140E-05   4.2280E-05   0.99670
FLUX  468   571.00        5.250306E+14   4.2010E-05   4.2137E-05   0.99699
FLUX  469   573.00        5.231981E+14   4.1967E-05   4.1996E-05   0.99932
FLUX  470   575.00        5.213783E+14   4.1734E-05   4.1855E-05   0.99710
FLUX  471   577.00        5.195711E+14   4.1634E-05   4.1715E-05   0.99805
FLUX  472   579.00        5.177763E+14   4.1477E-05   4.1575E-05   0.99762
FLUX  473   581.00        5.159940E+14   4.1363E-05   4.1437E-05   0.99823
FLUX  474   583.00        5.142238E+14   4.1245E-05   4.1299E-05   0.99869
FLUX  475   585.00        5.124658E+14   4.1097E-05   4.1161E-05   0.99843
FLUX  476   587.00        5.107198E+14   4.0938E-05   4.1025E-05   0.99789
FLUX  477   589.00        5.089856E+14   4.0440E-05   4.0889E-05   0.98901
FLUX  478   591.00        5.072631E+14   4.0687E-05   4.0754E-05   0.99836
FLUX  479   593.00        5.055523E+14   4.0567E-05   4.0619E-05   0.99872
FLUX  480   595.00        5.038529E+14   4.0374E-05   4.0486E-05   0.99725
FLUX  481   597.00        5.021650E+14   4.0286E-05   4.0352E-05   0.99834
FLUX  482   599.00        5.004883E+14   4.0078E-05   4.0220E-05   0.99646
FLUX  483   601.00        4.988228E+14   3.9909E-05   4.0088E-05   0.99553
FLUX  484   603.00        4.971683E+14   3.9869E-05   3.9957E-05   0.99780
FLUX  485   605.00        4.955248E+14   3.9735E-05   3.9827E-05   0.99768
FLUX  486   607.00        4.938921E+14   3.9659E-05   3.9698E-05   0.99903
FLUX  487   609.00        4.922701E+14   3.9510E-05   3.9569E-05   0.99851
FLUX  488   611.00        4.906588E+14   3.9355E-05   3.9441E-05   0.99783
FLUX  489   613.00        4.890579E+14   3.9150E-05   3.9313E-05   0.99583
FLUX  490   615.00        4.874675E+14   3.8651E-05   3.9187E-05   0.98633
FLUX  491   617.00        4.858874E+14   3.8839E-05   3.9061E-05   0.99432
FLUX  492   619.00        4.843174E+14   3.8891E-05   3.8935E-05   0.99888
FLUX  493   621.00        4.827576E+14   3.8764E-05   3.8810E-05   0.99881
FLUX  494   623.00        4.812079E+14   3.8587E-05   3.8685E-05   0.99745
FLUX  495   625.00        4.796680E+14   3.8200E-05   3.8561E-05   0.99062
FLUX  496   627.00        4.781380E+14   3.8407E-05   3.8438E-05   0.99918
FLUX  497   629.00        4.766176E+14   3.8285E-05   3.8315E-05   0.99922
FLUX  498   631.00        4.751070E+14   3.8068E-05   3.8193E-05   0.99673
FLUX  499   633.00        4.736058E+14   3.7995E-05   3.8072E-05   0.99798
FLUX  500   635.00        4.721142E+14   3.7555E-05   3.7951E-05   0.98958
FLUX  501   637.00        4.706319E+14   3.7541E-05   3.7830E-05   0.99235
FLUX  502   639.00        4.691588E+14   3.7595E-05   3.7710E-05   0.99695
FLUX  503   641.00        4.676950E+14   3.7338E-05   3.7591E-05   0.99326
FLUX  504   643.00        4.662403E+14   3.7266E-05   3.7472E-05   0.99448
FLUX  505   645.00        4.647946E+14   3.6813E-05   3.7354E-05   0.98549
FLUX  506   647.00        4.633578E+14   3.6866E-05   3.7237E-05   0.99003
FLUX  507   649.00        4.619299E+14   3.6433E-05   3.7120E-05   0.98149
FLUX  508   651.00        4.605108E+14   3.5910E-05   3.7003E-05   0.97045
FLUX  509   653.00        4.591003E+14   3.4364E-05   3.6887E-05   0.93159
FLUX  510   655.00        4.576985E+14   2.9068E-05   3.6774E-05   0.79044
FLUX  511   657.00        4.563052E+14   2.3599E-05   3.6659E-05   0.64374
FLUX  512   659.00        4.549203E+14   3.2521E-05   3.6545E-05   0.88990
FLUX  513   661.00        4.535439E+14   3.4973E-05   3.6431E-05   0.95997
FLUX  514   663.00        4.521757E+14   3.5636E-05   3.6318E-05   0.98123
FLUX  515   665.00        4.508158E+14   3.5808E-05   3.6205E-05   0.98906
FLUX  516   667.00        4.494640E+14   3.5808E-05   3.6092E-05   0.99213
FLUX  517   669.00        4.481203E+14   3.5802E-05   3.5980E-05   0.99503
FLUX  518   671.00        4.467846E+14   3.5736E-05   3.5869E-05   0.99631
FLUX  519   673.00        4.454569E+14   3.5639E-05   3.5758E-05   0.99669
FLUX  520   675.00        4.441370E+14   3.5530E-05   3.5647E-05   0.99672
FLUX  521   677.00        4.428250E+14   3.5507E-05   3.5538E-05   0.99914
FLUX  522   679.00        4.415206E+14   3.5393E-05   3.5428E-05   0.99901
FLUX  523   681.00        4.402239E+14   3.5292E-05   3.5319E-05   0.99923
FLUX  524   683.00        4.389348E+14   3.5142E-05   3.5211E-05   0.99805
FLUX  525   685.00        4.376533E+14   3.5056E-05   3.5103E-05   0.99867
FLUX  526   687.00        4.363792E+14   3.4968E-05   3.4996E-05   0.99920
FLUX  527   689.00        4.351125E+14   3.4866E-05   3.4889E-05   0.99935
FLUX  528   691.00        4.338531E+14   3.4755E-05   3.4782E-05   0.99923
FLUX  529   693.00        4.326010E+14   3.4637E-05   3.4676E-05   0.99887
FLUX  530   695.00        4.313561E+14   3.4541E-05   3.4571E-05   0.99914
FLUX  531   697.00        4.301184E+14   3.4430E-05   3.4466E-05   0.99895
FLUX  532   699.00        4.288877E+14   3.4342E-05   3.4362E-05   0.99943
FLUX  533   701.00        4.276641E+14   3.4126E-05   3.4258E-05   0.99615
FLUX  534   703.00        4.264474E+14   3.4090E-05   3.4154E-05   0.99812
FLUX  535   705.00        4.252376E+14   3.4005E-05   3.4051E-05   0.99866
FLUX  536   707.00        4.240347E+14   3.3925E-05   3.3948E-05   0.99932
FLUX  537   709.00        4.228385E+14   3.3830E-05   3.3846E-05   0.99951
FLUX  538   711.00        4.216491E+14   3.3339E-05   3.3745E-05   0.98797
FLUX  539   713.00        4.204663E+14   3.3541E-05   3.3643E-05   0.99696
FLUX  540   715.00        4.192902E+14   3.3455E-05   3.3542E-05   0.99739
FLUX  541   717.00        4.181206E+14   3.3384E-05   3.3442E-05   0.99826
FLUX  542   719.00        4.169576E+14   3.3274E-05   3.3342E-05   0.99795
FLUX  543   721.00        4.158010E+14   3.3195E-05   3.3242E-05   0.99857
FLUX  544   723.00        4.146508E+14   3.3088E-05   3.3143E-05   0.99835
FLUX  545   725.00        4.135069E+14   3.2939E-05   3.3046E-05   0.99678
FLUX  546   727.00        4.123693E+14   3.2917E-05   3.2947E-05   0.99907
FLUX  547   729.00        4.112380E+14   3.2766E-05   3.2849E-05   0.99745
FLUX  548   731.00        4.101129E+14   3.2692E-05   3.2754E-05   0.99809
FLUX  549   733.00        4.089939E+14   3.2603E-05   3.2657E-05   0.99833
FLUX  550   735.00        4.078810E+14   3.2536E-05   3.2561E-05   0.99924
FLUX  551   737.00        4.067741E+14   3.2446E-05   3.2464E-05   0.99942
FLUX  552   739.00        4.056732E+14   3.2320E-05   3.2369E-05   0.99849
FLUX  553   741.00        4.045783E+14   3.2177E-05   3.2273E-05   0.99703
FLUX  554   743.00        4.034892E+14   3.2001E-05   3.2178E-05   0.99450
FLUX  555   745.00        4.024060E+14   3.1972E-05   3.2084E-05   0.99651
FLUX  556   747.00        4.013286E+14   3.1757E-05   3.1990E-05   0.99272
FLUX  557   749.00        4.002570E+14   3.1748E-05   3.1896E-05   0.99535
FLUX  558   751.00        3.991911E+14   3.1726E-05   3.1803E-05   0.99759
FLUX  559   753.00        3.981308E+14   3.1660E-05   3.1710E-05   0.99844
FLUX  560   755.00        3.970762E+14   3.1605E-05   3.1617E-05   0.99961
FLUX  561   757.00        3.960271E+14   3.1499E-05   3.1525E-05   0.99920
FLUX  562   759.00        3.949835E+14   3.1418E-05   3.1433E-05   0.99952
FLUX  563   761.00        3.939455E+14   3.1328E-05   3.1341E-05   0.99958
FLUX  564   763.00        3.929128E+14   3.1230E-05   3.1250E-05   0.99936
FLUX  565   765.00        3.918856E+14   3.1119E-05   3.1160E-05   0.99871
FLUX  566   767.00        3.908638E+14   3.0988E-05   3.1069E-05   0.99738
FLUX  567   769.00        3.898472E+14   3.0921E-05   3.0979E-05   0.99811
FLUX  568   771.00        3.888359E+14   3.0830E-05   3.0890E-05   0.99806
FLUX  569   773.00        3.878299E+14   3.0780E-05   3.0800E-05   0.99933
FLUX  570   775.00        3.868290E+14   3.0678E-05   3.0711E-05   0.99890
FLUX  571   777.00        3.858333E+14   2.9991E-05   3.0623E-05   0.97936
FLUX  572   779.00        3.848427E+14   3.0524E-05   3.0535E-05   0.99964
FLUX  573   781.00        3.838572E+14   3.0430E-05   3.0447E-05   0.99944
FLUX  574   783.00        3.828768E+14   3.0296E-05   3.0360E-05   0.99791
FLUX  575   785.00        3.819013E+14   3.0160E-05   3.0273E-05   0.99629
FLUX  576   787.00        3.809307E+14   3.0008E-05   3.0186E-05   0.99410
FLUX  577   789.00        3.799651E+14   2.9869E-05   3.0100E-05   0.99235
FLUX  578   791.00        3.790044E+14   2.9891E-05   3.0014E-05   0.99590
FLUX  579   793.00        3.780485E+14   2.9835E-05   2.9928E-05   0.99688
FLUX  580   795.00        3.770975E+14   2.9646E-05   2.9843E-05   0.99339
FLUX  581   797.00        3.761512E+14   2.9745E-05   2.9758E-05   0.99955
FLUX  582   799.00        3.752096E+14   2.9375E-05   2.9673E-05   0.98993
FLUX  583   801.00        3.742728E+14   2.9550E-05   2.9589E-05   0.99868
FLUX  584   803.00        3.733406E+14   2.9448E-05   2.9505E-05   0.99805
FLUX  585   805.00        3.724130E+14   2.9389E-05   2.9422E-05   0.99887
FLUX  586   807.00        3.714901E+14   2.9291E-05   2.9339E-05   0.99839
FLUX  587   809.00        3.705717E+14   2.9213E-05   2.9256E-05   0.99852
FLUX  588   811.00        3.696578E+14   2.9150E-05   2.9173E-05   0.99920
FLUX  589   813.00        3.687485E+14   2.9083E-05   2.9091E-05   0.99972
FLUX  590   815.00        3.678436E+14   2.9001E-05   2.9009E-05   0.99972
FLUX  591   817.00        3.669431E+14   2.8922E-05   2.8928E-05   0.99981
FLUX  592   819.00        3.660470E+14   2.8609E-05   2.8847E-05   0.99175
FLUX  593   821.00        3.651553E+14   2.8614E-05   3.4726E-05   0.82400
FLUX  594   823.00        3.642679E+14   2.8515E-05   3.4615E-05   0.82376
FLUX  595   825.00        3.633848E+14   2.8492E-05   3.4505E-05   0.82574
FLUX  596   827.00        3.625060E+14   2.8644E-05   3.4396E-05   0.83279
FLUX  597   829.00        3.616315E+14   2.8553E-05   3.4287E-05   0.83278
FLUX  598   831.00        3.607611E+14   2.8495E-05   3.4178E-05   0.83371
FLUX  599   833.00        3.598950E+14   2.8255E-05   3.4070E-05   0.82931
FLUX  600   835.00        3.590329E+14   2.8369E-05   3.3963E-05   0.83530
FLUX  601   837.00        3.581750E+14   2.8316E-05   3.3856E-05   0.83637
FLUX  602   839.00        3.573212E+14   2.8207E-05   3.3749E-05   0.83578
FLUX  603   841.00        3.564715E+14   2.8133E-05   3.3643E-05   0.83623
FLUX  604   843.00        3.556257E+14   2.8011E-05   3.3537E-05   0.83523
FLUX  605   845.00        3.547840E+14   2.7587E-05   3.3432E-05   0.82515
FLUX  606   847.00        3.539463E+14   2.7655E-05   3.3328E-05   0.82978
FLUX  607   849.00        3.531125E+14   2.7760E-05   3.3224E-05   0.83555
FLUX  608   851.00        3.522826E+14   2.6949E-05   3.3120E-05   0.81367
FLUX  609   853.00        3.514566E+14   2.7696E-05   3.3017E-05   0.83884
FLUX  610   855.00        3.506345E+14   2.5781E-05   3.2914E-05   0.78327
FLUX  611   857.00        3.498162E+14   2.7881E-05   3.2812E-05   0.84972
FLUX  612   859.00        3.490017E+14   2.6449E-05   3.2711E-05   0.80858
FLUX  613   861.00        3.481911E+14   2.6081E-05   3.2609E-05   0.79981
FLUX  614   863.00        3.473841E+14   2.8116E-05   3.2509E-05   0.86486
FLUX  615   865.00        3.465809E+14   2.7027E-05   3.2409E-05   0.83396
FLUX  616   867.00        3.457814E+14   2.3344E-05   3.2309E-05   0.72252
FLUX  617   869.00        3.449856E+14   2.7479E-05   3.2209E-05   0.85314
FLUX  618   871.00        3.441935E+14   2.8687E-05   3.2110E-05   0.89338
FLUX  619   873.00        3.434049E+14   2.7438E-05   3.2012E-05   0.85712
FLUX  620   875.00        3.426200E+14   2.2275E-05   3.1914E-05   0.69798
FLUX  621   877.00        3.418387E+14   2.6261E-05   3.1816E-05   0.82539
FLUX  622   879.00        3.410609E+14   2.8923E-05   3.1719E-05   0.91183
FLUX  623   881.00        3.402866E+14   2.9329E-05   3.1623E-05   0.92747
FLUX  624   883.00        3.395159E+14   2.8380E-05   3.1527E-05   0.90019
FLUX  625   885.00        3.387486E+14   2.4986E-05   3.1431E-05   0.79493
FLUX  626   887.00        3.379848E+14   2.1592E-05   3.1336E-05   0.68906
FLUX  627   889.00        3.372244E+14   2.7125E-05   3.1241E-05   0.86825
FLUX  628   891.00        3.364675E+14   2.9000E-05   3.1146E-05   0.93109
FLUX  629   893.00        3.357139E+14   2.9558E-05   3.1052E-05   0.95186
FLUX  630   895.00        3.349637E+14   2.9752E-05   3.0959E-05   0.96102
FLUX  631   897.00        3.342168E+14   2.9024E-05   3.0866E-05   0.94033
FLUX  632   899.00        3.334733E+14   2.7076E-05   3.0773E-05   0.87986
FLUX  633   901.00        3.327331E+14   2.1568E-05   3.0681E-05   0.70296
FLUX  634   903.00        3.319961E+14   2.3530E-05   3.0589E-05   0.76923
FLUX  635   905.00        3.312624E+14   2.7576E-05   3.0498E-05   0.90421
FLUX  636   907.00        3.305320E+14   2.8493E-05   3.0407E-05   0.93705
FLUX  637   909.00        3.298047E+14   2.8704E-05   3.0316E-05   0.94682
FLUX  638   911.00        3.290807E+14   2.9383E-05   3.0226E-05   0.97210
FLUX  639   913.00        3.283598E+14   2.9501E-05   3.0136E-05   0.97892
FLUX  640   915.00        3.276421E+14   2.9375E-05   3.0047E-05   0.97765
FLUX  641   917.00        3.269275E+14   2.8860E-05   2.9958E-05   0.96336
FLUX  642   919.00        3.262160E+14   2.7737E-05   2.9869E-05   0.92864
FLUX  643   921.00        3.255076E+14   2.5121E-05   2.9781E-05   0.84355
FLUX  644   923.00        3.248023E+14   1.9802E-05   2.9693E-05   0.66688
FLUX  645   925.00        3.241000E+14   2.4274E-05   2.9605E-05   0.81994
FLUX  646   927.00        3.234008E+14   2.6742E-05   2.9518E-05   0.90596
FLUX  647   929.00        3.227045E+14   2.8341E-05   2.9431E-05   0.96295
FLUX  648   931.00        3.220113E+14   2.8747E-05   2.9345E-05   0.97964
FLUX  649   933.00        3.213210E+14   2.8843E-05   2.9259E-05   0.98577
FLUX  650   935.00        3.206337E+14   2.8891E-05   2.9173E-05   0.99031
FLUX  651   937.00        3.199493E+14   2.8865E-05   2.9088E-05   0.99233
FLUX  652   939.00        3.192678E+14   2.8633E-05   2.9003E-05   0.98724
FLUX  653   941.00        3.185893E+14   2.8040E-05   2.8919E-05   0.96960
FLUX  654   943.00        3.179136E+14   2.8427E-05   2.8835E-05   0.98587
FLUX  655   945.00        3.172407E+14   2.8313E-05   2.8751E-05   0.98478
FLUX  656   947.00        3.165707E+14   2.8050E-05   2.8668E-05   0.97845
FLUX  657   949.00        3.159036E+14   2.7517E-05   2.8585E-05   0.96265
FLUX  658   951.00        3.152392E+14   2.6354E-05   2.8502E-05   0.92464
FLUX  659   953.00        3.145776E+14   2.3553E-05   2.8420E-05   0.82877
FLUX  660   955.00        3.139188E+14   1.9144E-05   2.8338E-05   0.67558
FLUX  661   957.00        3.132628E+14   2.4002E-05   2.8256E-05   0.84942
FLUX  662   959.00        3.126095E+14   2.6299E-05   2.8175E-05   0.93343
FLUX  663   961.00        3.119589E+14   2.7023E-05   2.8094E-05   0.96186
FLUX  664   963.00        3.113110E+14   2.7081E-05   2.8014E-05   0.96670
FLUX  665   965.00        3.106658E+14   2.7542E-05   2.7933E-05   0.98598
FLUX  666   967.00        3.100233E+14   2.7346E-05   2.7853E-05   0.98179
FLUX  667   969.00        3.093834E+14   2.7455E-05   2.7774E-05   0.98851
FLUX  668   971.00        3.087461E+14   2.7576E-05   2.7695E-05   0.99573
FLUX  669   973.00        3.081115E+14   2.7494E-05   2.7616E-05   0.99559
FLUX  670   975.00        3.074795E+14   2.7380E-05   2.7537E-05   0.99429
FLUX  671   977.00        3.068501E+14   2.7377E-05   2.7459E-05   0.99703
FLUX  672   979.00        3.062232E+14   2.7298E-05   2.7381E-05   0.99697
FLUX  673   981.00        3.055989E+14   2.7212E-05   2.7304E-05   0.99662
FLUX  674   983.00        3.049771E+14   2.7088E-05   2.7227E-05   0.99491
FLUX  675   985.00        3.043579E+14   2.6948E-05   2.7150E-05   0.99259
FLUX  676   987.00        3.037411E+14   2.6862E-05   2.7073E-05   0.99220
FLUX  677   989.00        3.031269E+14   2.6624E-05   2.6997E-05   0.98621
FLUX  678   991.00        3.025151E+14   2.6659E-05   2.6921E-05   0.99029
FLUX  679   993.00        3.019058E+14   2.6532E-05   2.6845E-05   0.98834
FLUX  680   995.00        3.012990E+14   2.6394E-05   2.6770E-05   0.98597
FLUX  681   997.00        3.006946E+14   2.6179E-05   2.6695E-05   0.98069
FLUX  682   999.00        3.000926E+14   2.5724E-05   2.6620E-05   0.96634
FLUX  683  1002.50        2.990449E+14   2.2801E-05   2.6490E-05   0.86075
FLUX  684  1007.50        2.975608E+14   2.1819E-05   2.6306E-05   0.82942
FLUX  685  1012.50        2.960914E+14   2.5258E-05   2.6123E-05   0.96687
FLUX  686  1017.50        2.946364E+14   2.5688E-05   2.5943E-05   0.99018
FLUX  687  1022.50        2.931956E+14   2.5665E-05   2.5765E-05   0.99615
FLUX  688  1027.50        2.917689E+14   2.5551E-05   2.5588E-05   0.99856
FLUX  689  1032.50        2.903559E+14   2.5361E-05   2.5413E-05   0.99797
FLUX  690  1037.50        2.889566E+14   2.5195E-05   2.5240E-05   0.99824
FLUX  691  1042.50        2.875707E+14   2.5024E-05   2.5068E-05   0.99825
FLUX  692  1047.50        2.861981E+14   2.4691E-05   2.4899E-05   0.99167
FLUX  693  1052.50        2.848385E+14   2.4597E-05   2.4730E-05   0.99459
FLUX  694  1057.50        2.834917E+14   2.4463E-05   2.4564E-05   0.99590
FLUX  695  1062.50        2.821576E+14   2.4316E-05   2.4399E-05   0.99660
FLUX  696  1067.50        2.808361E+14   2.3780E-05   2.4236E-05   0.98118
FLUX  697  1072.50        2.795268E+14   2.3814E-05   2.4074E-05   0.98919
FLUX  698  1077.50        2.782297E+14   2.3676E-05   2.3914E-05   0.99002
FLUX  699  1082.50        2.769446E+14   2.3382E-05   2.3756E-05   0.98426
FLUX  700  1087.50        2.756713E+14   2.2646E-05   2.3599E-05   0.95963
FLUX  701  1092.50        2.744096E+14   1.8805E-05   2.3443E-05   0.80212
FLUX  702  1097.50        2.731595E+14   2.0790E-05   2.3290E-05   0.89269
FLUX  703  1102.50        2.719206E+14   2.2605E-05   2.3137E-05   0.97701
FLUX  704  1107.50        2.706930E+14   2.2808E-05   2.2986E-05   0.99227
FLUX  705  1112.50        2.694764E+14   2.2725E-05   2.2837E-05   0.99512
FLUX  706  1117.50        2.682707E+14   2.2638E-05   2.2689E-05   0.99777
FLUX  707  1122.50        2.670757E+14   2.2522E-05   2.2542E-05   0.99912
FLUX  708  1127.50        2.658914E+14   2.2078E-05   2.2397E-05   0.98577
FLUX  709  1132.50        2.647174E+14   2.1961E-05   2.2253E-05   0.98688
FLUX  710  1137.50        2.635538E+14   2.2019E-05   2.2110E-05   0.99588
FLUX  711  1142.50        2.624004E+14   2.1835E-05   2.1969E-05   0.99390
FLUX  712  1147.50        2.612571E+14   2.1808E-05   2.1829E-05   0.99905
FLUX  713  1152.50        2.601236E+14   2.1683E-05   2.1691E-05   0.99966
FLUX  714  1157.50        2.590000E+14   2.1534E-05   2.1553E-05   0.99912
FLUX  715  1162.50        2.578860E+14   2.1247E-05   2.1417E-05   0.99203
FLUX  716  1167.50        2.567816E+14   2.1004E-05   2.1282E-05   0.98692
FLUX  717  1172.50        2.556866E+14   2.1138E-05   2.1149E-05   0.99947
FLUX  718  1177.50        2.546008E+14   2.0699E-05   2.1016E-05   0.98491
FLUX  719  1182.50        2.535243E+14   2.0734E-05   2.0885E-05   0.99274
FLUX  720  1187.50        2.524568E+14   2.0533E-05   2.0755E-05   0.98928
FLUX  721  1192.50        2.513983E+14   2.0625E-05   2.0626E-05   0.99992
FLUX  722  1197.50        2.503486E+14   2.0370E-05   2.0499E-05   0.99372
FLUX  723  1202.50        2.493077E+14   2.0322E-05   2.0372E-05   0.99752
FLUX  724  1207.50        2.482754E+14   2.0157E-05   2.0247E-05   0.99555
FLUX  725  1212.50        2.472515E+14   2.0048E-05   2.0122E-05   0.99629
FLUX  726  1217.50        2.462361E+14   1.9971E-05   1.9999E-05   0.99858
FLUX  727  1222.50        2.452290E+14   1.9833E-05   1.9877E-05   0.99781
FLUX  728  1227.50        2.442301E+14   1.9681E-05   1.9756E-05   0.99619
FLUX  729  1232.50        2.432394E+14   1.9575E-05   1.9636E-05   0.99688
FLUX  730  1237.50        2.422566E+14   1.9478E-05   1.9517E-05   0.99798
FLUX  731  1242.50        2.412817E+14   1.9392E-05   1.9399E-05   0.99960
FLUX  732  1247.50        2.403146E+14   1.9218E-05   1.9282E-05   0.99668
FLUX  733  1252.50        2.393553E+14   1.9128E-05   1.9167E-05   0.99799
FLUX  734  1257.50        2.384036E+14   1.8896E-05   1.9052E-05   0.99180
FLUX  735  1262.50        2.374594E+14   1.8796E-05   1.8938E-05   0.99250
FLUX  736  1267.50        2.365227E+14   1.8683E-05   1.8825E-05   0.99246
FLUX  737  1272.50        2.355933E+14   1.8384E-05   1.8713E-05   0.98241
FLUX  738  1277.50        2.346712E+14   1.7400E-05   1.8603E-05   0.93536
FLUX  739  1282.50        2.337563E+14   1.4868E-05   1.8493E-05   0.80399
FLUX  740  1287.50        2.328485E+14   1.7424E-05   1.8384E-05   0.94780
FLUX  741  1292.50        2.319478E+14   1.7996E-05   1.8276E-05   0.98468
FLUX  742  1297.50        2.310539E+14   1.8048E-05   1.8169E-05   0.99335
FLUX  743  1302.50        2.301670E+14   1.8001E-05   1.8062E-05   0.99663
FLUX  744  1307.50        2.292868E+14   1.7943E-05   1.7957E-05   0.99925
FLUX  745  1312.50        2.284133E+14   1.7835E-05   1.7853E-05   0.99902
FLUX  746  1317.50        2.275465E+14   1.7685E-05   1.7749E-05   0.99639
FLUX  747  1322.50        2.266862E+14   1.7640E-05   1.7646E-05   0.99963
FLUX  748  1327.50        2.258324E+14   1.7538E-05   1.7544E-05   0.99965
FLUX  749  1332.50        2.249850E+14   1.7440E-05   1.7443E-05   0.99983
FLUX  750  1337.50        2.241439E+14   1.7338E-05   1.7343E-05   0.99972
FLUX  751  1342.50        2.233091E+14   1.7237E-05   1.7244E-05   0.99960
FLUX  752  1347.50        2.224805E+14   1.7135E-05   1.7145E-05   0.99937
FLUX  753  1352.50        2.216580E+14   1.7006E-05   1.7048E-05   0.99757
FLUX  754  1357.50        2.208416E+14   1.6916E-05   1.6951E-05   0.99796
FLUX  755  1362.50        2.200312E+14   1.6841E-05   1.6855E-05   0.99918
FLUX  756  1367.50        2.192267E+14   1.6733E-05   1.6760E-05   0.99839
FLUX  757  1372.50        2.184281E+14   1.6565E-05   1.6665E-05   0.99399
FLUX  758  1377.50        2.176352E+14   1.6541E-05   1.6571E-05   0.99817
FLUX  759  1382.50        2.168481E+14   1.6455E-05   1.6478E-05   0.99857
FLUX  760  1387.50        2.160667E+14   1.6386E-05   1.6386E-05   0.99997
FLUX  761  1392.50        2.152908E+14   1.6258E-05   1.6295E-05   0.99772
FLUX  762  1397.50        2.145206E+14   1.6189E-05   1.6204E-05   0.99908
FLUX  763  1402.50        2.137558E+14   1.6105E-05   1.6114E-05   0.99945
FLUX  764  1407.50        2.129964E+14   1.6022E-05   1.6025E-05   0.99984
FLUX  765  1412.50        2.122425E+14   1.5922E-05   1.5936E-05   0.99915
FLUX  766  1417.50        2.114938E+14   1.5840E-05   1.5848E-05   0.99948
FLUX  767  1422.50        2.107504E+14   1.5749E-05   1.5761E-05   0.99922
FLUX  768  1427.50        2.100123E+14   1.5659E-05   1.5674E-05   0.99901
FLUX  769  1432.50        2.092792E+14   1.5579E-05   1.5588E-05   0.99940
FLUX  770  1437.50        2.085513E+14   1.5502E-05   1.5503E-05   0.99988
FLUX  771  1442.50        2.078284E+14   1.5232E-05   1.5419E-05   0.98787
FLUX  772  1447.50        2.071105E+14   1.5325E-05   1.5335E-05   0.99938
FLUX  773  1452.50        2.063976E+14   1.5154E-05   1.5252E-05   0.99362
FLUX  774  1457.00        2.057601E+14   1.5166E-05   1.5177E-05   0.99927
FLUX  775  1462.00        2.050564E+14   1.5062E-05   1.5965E-05   0.94345
FLUX  776  1467.50        2.042879E+14   1.5012E-05   1.5868E-05   0.94601
FLUX  777  1472.50        2.035942E+14   1.4924E-05   1.5781E-05   0.94567
FLUX  778  1477.50        2.029052E+14   1.4802E-05   1.5695E-05   0.94315
FLUX  779  1482.50        2.022209E+14   1.4759E-05   1.5609E-05   0.94558
FLUX  780  1487.50        2.015412E+14   1.4637E-05   1.5523E-05   0.94292
FLUX  781  1492.50        2.008660E+14   1.4649E-05   1.5439E-05   0.94887
FLUX  782  1497.50        2.001953E+14   1.4554E-05   1.5355E-05   0.94786
FLUX  783  1502.50        1.995291E+14   1.4447E-05   1.5271E-05   0.94604
FLUX  784  1507.50        1.988673E+14   1.4384E-05   1.5189E-05   0.94701
FLUX  785  1512.50        1.982099E+14   1.4346E-05   1.5107E-05   0.94964
FLUX  786  1517.50        1.975568E+14   1.4270E-05   1.5025E-05   0.94973
FLUX  787  1522.50        1.969080E+14   1.4197E-05   1.4944E-05   0.94998
FLUX  788  1527.50        1.962635E+14   1.4115E-05   1.4864E-05   0.94961
FLUX  789  1532.50        1.956232E+14   1.4033E-05   1.4785E-05   0.94917
FLUX  790  1537.50        1.949870E+14   1.3972E-05   1.4706E-05   0.95013
FLUX  791  1542.50        1.943549E+14   1.3826E-05   1.4627E-05   0.94519
FLUX  792  1547.50        1.937270E+14   1.3806E-05   1.4549E-05   0.94892
FLUX  793  1552.50        1.931031E+14   1.3726E-05   1.4472E-05   0.94843
FLUX  794  1557.50        1.924831E+14   1.3546E-05   1.4395E-05   0.94102
FLUX  795  1562.50        1.918672E+14   1.3671E-05   1.4319E-05   0.95473
FLUX  796  1567.50        1.912552E+14   1.3407E-05   1.4243E-05   0.94129
FLUX  797  1572.50        1.906471E+14   1.3228E-05   1.4168E-05   0.93360
FLUX  798  1577.50        1.900428E+14   1.3461E-05   1.4094E-05   0.95508
FLUX  799  1582.50        1.894423E+14   1.3378E-05   1.4020E-05   0.95421
FLUX  800  1587.50        1.888457E+14   1.2661E-05   1.3946E-05   0.90785
FLUX  801  1592.50        1.882527E+14   1.3081E-05   1.3873E-05   0.94288
FLUX  802  1597.50        1.876635E+14   1.3318E-05   1.3801E-05   0.96503
FLUX  803  1605.00        1.867866E+14   1.2973E-05   1.3693E-05   0.94741
FLUX  804  1615.00        1.856300E+14   1.2459E-05   1.3551E-05   0.91943
FLUX  805  1625.00        1.844877E+14   1.3103E-05   1.3411E-05   0.97702
FLUX  806  1635.00        1.833593E+14   1.2504E-05   1.3273E-05   0.94211
FLUX  807  1645.00        1.822447E+14   1.1901E-05   1.3136E-05   0.90599
FLUX  808  1655.00        1.811435E+14   1.2793E-05   1.3001E-05   0.98401
FLUX  809  1665.00        1.800556E+14   1.2702E-05   1.2868E-05   0.98715
FLUX  810  1675.00        1.789806E+14   1.1942E-05   1.2737E-05   0.93756
FLUX  811  1685.00        1.779184E+14   1.1312E-05   1.2608E-05   0.89722
FLUX  812  1695.00        1.768687E+14   1.2309E-05   1.2481E-05   0.98621
FLUX  813  1705.00        1.758314E+14   1.2267E-05   1.2356E-05   0.99280
FLUX  814  1715.00        1.748061E+14   1.2156E-05   1.2233E-05   0.99371
FLUX  815  1725.00        1.737928E+14   1.1830E-05   1.2111E-05   0.97677
FLUX  816  1735.00        1.727911E+14   1.0460E-05   1.1992E-05   0.87228
FLUX  817  1745.00        1.718009E+14   1.1377E-05   1.1874E-05   0.95817
FLUX  818  1755.00        1.708219E+14   1.1632E-05   1.1758E-05   0.98930
FLUX  819  1765.00        1.698541E+14   1.1563E-05   1.1643E-05   0.99312
FLUX  820  1775.00        1.688972E+14   1.1495E-05   1.1531E-05   0.99686
FLUX  821  1785.00        1.679510E+14   1.1368E-05   1.1420E-05   0.99544
FLUX  822  1795.00        1.670153E+14   1.1256E-05   1.1310E-05   0.99523
FLUX  823  1805.00        1.660900E+14   1.0986E-05   1.1202E-05   0.98069
FLUX  824  1815.00        1.651749E+14   9.7968E-06   1.1096E-05   0.88291
FLUX  825  1825.00        1.642699E+14   1.0419E-05   1.0991E-05   0.94792
FLUX  826  1835.00        1.633747E+14   1.0779E-05   1.0888E-05   0.99004
FLUX  827  1845.00        1.624892E+14   1.0729E-05   1.0786E-05   0.99477
FLUX  828  1855.00        1.616132E+14   1.0593E-05   1.0685E-05   0.99137
FLUX  829  1865.00        1.607466E+14   1.0346E-05   1.0586E-05   0.97734
FLUX  830  1875.00        1.598893E+14   9.1740E-06   1.0488E-05   0.87468
FLUX  831  1885.00        1.590411E+14   1.0088E-05   1.0392E-05   0.97079
FLUX  832  1895.00        1.582018E+14   1.0196E-05   1.0297E-05   0.99020
FLUX  833  1905.00        1.573714E+14   1.0170E-05   1.0203E-05   0.99675
FLUX  834  1915.00        1.565496E+14   1.0076E-05   1.0111E-05   0.99660
FLUX  835  1925.00        1.557364E+14   9.9524E-06   1.0020E-05   0.99330
FLUX  836  1935.00        1.549315E+14   9.6642E-06   9.9295E-06   0.97328
FLUX  837  1945.00        1.541350E+14   8.6001E-06   9.8408E-06   0.87392
FLUX  838  1955.00        1.533465E+14   9.4916E-06   9.7532E-06   0.97318
FLUX  839  1965.00        1.525662E+14   9.6096E-06   9.6668E-06   0.99408
FLUX  840  1975.00        1.517937E+14   9.5545E-06   9.5816E-06   0.99717
FLUX  841  1985.00        1.510290E+14   9.4918E-06   9.4974E-06   0.99941
FLUX  842  1995.00        1.502719E+14   9.4105E-06   9.4144E-06   0.99958
FLUX  843  2005.00        1.495224E+14   9.3302E-06   9.3325E-06   0.99975
FLUX  844  2015.00        1.487804E+14   9.2506E-06   9.2516E-06   0.99989
FLUX  845  2025.00        1.480457E+14   9.1680E-06   9.1718E-06   0.99958
FLUX  846  2035.00        1.473182E+14   9.0869E-06   9.0930E-06   0.99932
FLUX  847  2045.00        1.465978E+14   9.0146E-06   9.0153E-06   0.99993
FLUX  848  2055.00        1.458844E+14   8.9376E-06   8.9385E-06   0.99990
FLUX  849  2065.00        1.451780E+14   8.8545E-06   8.8627E-06   0.99908
FLUX  850  2075.00        1.444783E+14   8.7830E-06   8.7879E-06   0.99945
FLUX  851  2085.00        1.437854E+14   8.7113E-06   8.7140E-06   0.99969
FLUX  852  2095.00        1.430990E+14   8.6367E-06   8.6410E-06   0.99950
FLUX  853  2105.00        1.424192E+14   8.5626E-06   8.5690E-06   0.99925
FLUX  854  2115.00        1.417459E+14   8.4773E-06   8.4978E-06   0.99758
FLUX  855  2125.00        1.410788E+14   8.4063E-06   8.4276E-06   0.99747
FLUX  856  2135.00        1.404180E+14   8.3289E-06   8.3582E-06   0.99649
FLUX  857  2145.00        1.397634E+14   8.2409E-06   8.2897E-06   0.99412
FLUX  858  2155.00        1.391148E+14   8.0386E-06   8.2220E-06   0.97770
FLUX  859  2165.00        1.384723E+14   7.1973E-06   8.1551E-06   0.88256
FLUX  860  2175.00        1.378356E+14   7.8187E-06   8.0890E-06   0.96658
FLUX  861  2185.00        1.372048E+14   7.9639E-06   8.0238E-06   0.99254
FLUX  862  2195.00        1.365797E+14   7.9423E-06   7.9593E-06   0.99786
FLUX  863  2205.00        1.359603E+14   7.8866E-06   7.8956E-06   0.99885
FLUX  864  2215.00        1.353465E+14   7.8183E-06   7.8327E-06   0.99817
FLUX  865  2225.00        1.347382E+14   7.7699E-06   7.7705E-06   0.99992
FLUX  866  2235.00        1.341353E+14   7.7084E-06   7.7091E-06   0.99990
FLUX  867  2245.00        1.335379E+14   7.6478E-06   7.6484E-06   0.99992
FLUX  868  2255.00        1.329457E+14   7.5794E-06   7.5885E-06   0.99880
FLUX  869  2265.00        1.323587E+14   7.5273E-06   7.5292E-06   0.99975
FLUX  870  2275.00        1.317769E+14   7.4687E-06   7.4706E-06   0.99974
FLUX  871  2285.00        1.312002E+14   7.4123E-06   7.5630E-06   0.98007
FLUX  872  2295.00        1.306285E+14   7.3536E-06   7.5040E-06   0.97995
FLUX  873  2305.00        1.300618E+14   7.3028E-06   7.4457E-06   0.98080
FLUX  874  2315.00        1.295000E+14   7.2467E-06   7.3881E-06   0.98087
FLUX  875  2325.00        1.289430E+14   7.1944E-06   7.3311E-06   0.98136
FLUX  876  2335.00        1.283908E+14   7.1399E-06   7.2748E-06   0.98146
FLUX  877  2345.00        1.278433E+14   7.0876E-06   7.2191E-06   0.98178
FLUX  878  2355.00        1.273004E+14   7.0354E-06   7.1640E-06   0.98204
FLUX  879  2365.00        1.267622E+14   6.9838E-06   7.1096E-06   0.98230
FLUX  880  2375.00        1.262284E+14   6.9313E-06   7.0558E-06   0.98235
FLUX  881  2385.00        1.256992E+14   6.8800E-06   7.0027E-06   0.98248
FLUX  882  2395.00        1.251743E+14   6.8301E-06   6.9501E-06   0.98274
FLUX  883  2405.00        1.246538E+14   6.7780E-06   6.8981E-06   0.98259
FLUX  884  2415.00        1.241377E+14   6.7288E-06   6.8467E-06   0.98279
FLUX  885  2425.00        1.236258E+14   6.6806E-06   6.7958E-06   0.98304
FLUX  886  2435.00        1.231181E+14   6.6303E-06   6.7456E-06   0.98292
FLUX  887  2445.00        1.226145E+14   6.5811E-06   6.6959E-06   0.98286
FLUX  888  2455.00        1.221151E+14   6.5331E-06   6.6467E-06   0.98291
FLUX  889  2465.00        1.216197E+14   6.4822E-06   6.5981E-06   0.98243
FLUX  890  2475.00        1.211283E+14   6.4354E-06   6.5500E-06   0.98250
FLUX  891  2485.00        1.206408E+14   6.3901E-06   6.5025E-06   0.98272
FLUX  892  2495.00        1.201573E+14   6.3200E-06   6.4554E-06   0.97902
FLUX  893  2505.00        1.196776E+14   6.3067E-06   6.4089E-06   0.98405
FLUX  894  2515.00        1.192018E+14   6.2598E-06   6.3629E-06   0.98380
FLUX  895  2525.00        1.187297E+14   6.1642E-06   6.3174E-06   0.97576
FLUX  896  2535.00        1.182613E+14   6.1653E-06   6.2723E-06   0.98294
FLUX  897  2545.00        1.177967E+14   6.1425E-06   6.2278E-06   0.98630
FLUX  898  2555.00        1.173356E+14   6.0664E-06   6.1837E-06   0.98103
FLUX  899  2565.00        1.168782E+14   5.9388E-06   6.1401E-06   0.96721
FLUX  900  2575.00        1.164243E+14   5.9895E-06   6.0969E-06   0.98239
FLUX  901  2585.00        1.159739E+14   5.9716E-06   6.0542E-06   0.98636
FLUX  902  2595.00        1.155270E+14   5.9257E-06   6.0120E-06   0.98565
FLUX  903  2605.00        1.150835E+14   5.7935E-06   5.9701E-06   0.97041
FLUX  904  2615.00        1.146434E+14   5.5787E-06   5.9288E-06   0.94095
FLUX  905  2625.00        1.142067E+14   5.1902E-06   5.8878E-06   0.88152
FLUX  906  2635.00        1.137732E+14   5.6064E-06   5.8473E-06   0.95881
FLUX  907  2645.00        1.133431E+14   5.7161E-06   5.8072E-06   0.98431
FLUX  908  2655.00        1.129162E+14   5.6945E-06   5.7675E-06   0.98735
FLUX  909  2665.00        1.124925E+14   5.5908E-06   5.7282E-06   0.97601
FLUX  910  2675.00        1.120720E+14   5.3217E-06   5.6893E-06   0.93538
FLUX  911  2685.00        1.116546E+14   5.5183E-06   5.6508E-06   0.97655
FLUX  912  2695.00        1.112403E+14   5.5643E-06   5.6127E-06   0.99138
FLUX  913  2705.00        1.108290E+14   5.5445E-06   5.5750E-06   0.99453
FLUX  914  2715.00        1.104208E+14   5.5151E-06   5.5377E-06   0.99593
FLUX  915  2725.00        1.100156E+14   5.4772E-06   5.5007E-06   0.99573
FLUX  916  2735.00        1.096133E+14   5.4281E-06   5.4641E-06   0.99341
FLUX  917  2745.00        1.092140E+14   5.3345E-06   5.4279E-06   0.98279
FLUX  918  2755.00        1.088176E+14   5.0006E-06   5.3920E-06   0.92742
FLUX  919  2765.00        1.084241E+14   5.1138E-06   5.3565E-06   0.95469
FLUX  920  2775.00        1.080333E+14   5.2608E-06   5.3213E-06   0.98863
FLUX  921  2785.00        1.076454E+14   5.2631E-06   5.2865E-06   0.99558
FLUX  922  2795.00        1.072603E+14   5.2408E-06   5.2520E-06   0.99786
FLUX  923  2805.00        1.068779E+14   5.2168E-06   5.2179E-06   0.99979
FLUX  924  2815.00        1.064982E+14   5.1828E-06   5.1841E-06   0.99975
FLUX  925  2825.00        1.061212E+14   5.1483E-06   5.1506E-06   0.99956
FLUX  926  2835.00        1.057469E+14   5.1091E-06   5.1174E-06   0.99838
FLUX  927  2845.00        1.053752E+14   5.0611E-06   5.0846E-06   0.99538
FLUX  928  2855.00        1.050061E+14   4.9982E-06   5.0521E-06   0.98934
FLUX  929  2865.00        1.046396E+14   4.8187E-06   5.0199E-06   0.95992
FLUX  930  2875.00        1.042757E+14   4.5496E-06   4.9880E-06   0.91211
FLUX  931  2885.00        1.039142E+14   4.8460E-06   4.9564E-06   0.97774
FLUX  932  2895.00        1.035553E+14   4.8886E-06   4.9251E-06   0.99261
FLUX  933  2905.00        1.031988E+14   4.8801E-06   4.8941E-06   0.99714
FLUX  934  2915.00        1.028448E+14   4.8564E-06   4.8634E-06   0.99856
FLUX  935  2925.00        1.024932E+14   4.8313E-06   4.8329E-06   0.99966
FLUX  936  2935.00        1.021440E+14   4.8023E-06   4.8028E-06   0.99990
FLUX  937  2945.00        1.017971E+14   4.7724E-06   4.7730E-06   0.99988
FLUX  938  2955.00        1.014526E+14   4.7433E-06   4.7434E-06   0.99998
FLUX  939  2965.00        1.011105E+14   4.7138E-06   4.7141E-06   0.99993
FLUX  940  2975.00        1.007706E+14   4.6846E-06   4.6851E-06   0.99990
FLUX  941  2985.00        1.004330E+14   4.6562E-06   4.6563E-06   0.99997
FLUX  942  2995.00        1.000977E+14   4.6255E-06   4.6278E-06   0.99950
FLUX  943  3005.00        9.976456E+13   4.5864E-06   4.5996E-06   0.99713
FLUX  944  3015.00        9.943367E+13   4.5441E-06   4.5716E-06   0.99399
FLUX  945  3025.00        9.910496E+13   4.4652E-06   4.5439E-06   0.98269
FLUX  946  3035.00        9.877842E+13   4.1629E-06   4.5164E-06   0.92173
FLUX  947  3045.00        9.845402E+13   4.2243E-06   4.4892E-06   0.94100
FLUX  948  3055.00        9.813175E+13   4.3995E-06   4.4622E-06   0.98594
FLUX  949  3065.00        9.781158E+13   4.4136E-06   4.4355E-06   0.99507
FLUX  950  3075.00        9.749350E+13   4.3995E-06   4.4090E-06   0.99785
FLUX  951  3085.00        9.717747E+13   4.3765E-06   4.3827E-06   0.99859
FLUX  952  3095.00        9.686349E+13   4.3544E-06   4.3567E-06   0.99947
FLUX  953  3105.00        9.655153E+13   4.3282E-06   4.3309E-06   0.99938
FLUX  954  3115.00        9.624157E+13   4.3001E-06   4.3053E-06   0.99879
FLUX  955  3125.00        9.593360E+13   4.2763E-06   4.2799E-06   0.99914
FLUX  956  3135.00        9.562759E+13   4.2522E-06   4.2548E-06   0.99938
FLUX  957  3145.00        9.532353E+13   4.2258E-06   4.2299E-06   0.99903
FLUX  958  3155.00        9.502139E+13   4.2042E-06   4.2052E-06   0.99975
FLUX  959  3165.00        9.472117E+13   4.1807E-06   4.1808E-06   0.99997
FLUX  960  3175.00        9.442283E+13   4.1540E-06   4.1565E-06   0.99938
FLUX  961  3185.00        9.412637E+13   4.1322E-06   4.1325E-06   0.99994
FLUX  962  3195.00        9.383177E+13   4.1081E-06   4.1087E-06   0.99986
FLUX  963  3210.00        9.339330E+13   4.0725E-06   4.0733E-06   0.99981
FLUX  964  3230.00        9.281502E+13   4.0266E-06   4.0268E-06   0.99993
FLUX  965  3250.00        9.224385E+13   3.9795E-06   3.9812E-06   0.99958
FLUX  966  3270.00        9.167966E+13   3.9120E-06   3.9363E-06   0.99382
FLUX  967  3290.00        9.112234E+13   3.6378E-06   3.9249E-06   0.92685
FLUX  968  3310.00        9.057175E+13   3.7409E-06   3.8810E-06   0.96391
FLUX  969  3330.00        9.002778E+13   3.7837E-06   3.8378E-06   0.98590
FLUX  970  3350.00        8.949030E+13   3.7515E-06   3.7953E-06   0.98847
FLUX  971  3370.00        8.895920E+13   3.7083E-06   3.7535E-06   0.98795
FLUX  972  3390.00        8.843437E+13   3.6708E-06   3.7124E-06   0.98879
FLUX  973  3410.00        8.791569E+13   3.6323E-06   3.6720E-06   0.98920
FLUX  974  3430.00        8.740306E+13   3.5953E-06   3.6322E-06   0.98985
FLUX  975  3450.00        8.689638E+13   3.5589E-06   3.5931E-06   0.99050
FLUX  976  3470.00        8.639553E+13   3.5210E-06   3.5546E-06   0.99055
FLUX  977  3490.00        8.590043E+13   3.4843E-06   3.5167E-06   0.99080
FLUX  978  3510.00        8.541097E+13   3.4478E-06   3.4794E-06   0.99093
FLUX  979  3530.00        8.492705E+13   3.4119E-06   3.4427E-06   0.99105
FLUX  980  3550.00        8.444859E+13   3.3764E-06   3.4066E-06   0.99115
FLUX  981  3570.00        8.397549E+13   3.3409E-06   3.3711E-06   0.99107
FLUX  982  3590.00        8.350766E+13   3.3070E-06   3.3361E-06   0.99129
FLUX  983  3610.00        8.304501E+13   3.2721E-06   3.3016E-06   0.99106
FLUX  984  3630.00        8.258747E+13   3.2398E-06   3.2677E-06   0.99147
FLUX  985  3650.00        8.213493E+13   3.2049E-06   3.2343E-06   0.99091
FLUX  986  3670.00        8.168733E+13   3.1738E-06   3.2014E-06   0.99136
FLUX  987  3690.00        8.124458E+13   3.1334E-06   3.1690E-06   0.98875
FLUX  988  3710.00        8.080660E+13   3.0986E-06   3.1372E-06   0.98770
FLUX  989  3730.00        8.037332E+13   2.9661E-06   3.1057E-06   0.95505
FLUX  990  3750.00        7.994467E+13   2.9063E-06   3.0748E-06   0.94522
FLUX  991  3770.00        7.952056E+13   3.0079E-06   3.0443E-06   0.98804
FLUX  992  3790.00        7.910092E+13   2.9902E-06   3.0142E-06   0.99202
FLUX  993  3810.00        7.868570E+13   2.9498E-06   2.9846E-06   0.98832
FLUX  994  3830.00        7.827480E+13   2.9241E-06   2.9555E-06   0.98939
FLUX  995  3850.00        7.786818E+13   2.9089E-06   2.9267E-06   0.99391
FLUX  996  3870.00        7.746576E+13   2.8799E-06   2.8984E-06   0.99362
FLUX  997  3890.00        7.706748E+13   2.8438E-06   2.8705E-06   0.99069
FLUX  998  3910.00        7.667327E+13   2.7929E-06   2.8430E-06   0.98237
FLUX  999  3930.00        7.628308E+13   2.7966E-06   2.8159E-06   0.99315
FLUX 1000  3950.00        7.589684E+13   2.7761E-06   2.7892E-06   0.99531
FLUX 1001  3970.00        7.551448E+13   2.7512E-06   2.7628E-06   0.99581
FLUX 1002  3990.00        7.513596E+13   2.7189E-06   2.7368E-06   0.99344
FLUX 1003  4010.00        7.476122E+13   2.6625E-06   2.7112E-06   0.98204
FLUX 1004  4030.00        7.439020E+13   2.6218E-06   2.6860E-06   0.97611
FLUX 1005  4050.00        7.402284E+13   2.4973E-06   2.6611E-06   0.93847
FLUX 1006  4070.00        7.365909E+13   2.6028E-06   2.6365E-06   0.98722
FLUX 1007  4090.00        7.329890E+13   2.6002E-06   2.6123E-06   0.99537
FLUX 1008  4110.00        7.294221E+13   2.5808E-06   2.5884E-06   0.99707
FLUX 1009  4130.00        7.258898E+13   2.5559E-06   2.5648E-06   0.99654
FLUX 1010  4150.00        7.223916E+13   2.5176E-06   2.5416E-06   0.99056
FLUX 1011  4170.00        7.189269E+13   2.4244E-06   2.5187E-06   0.96256
FLUX 1012  4190.00        7.154952E+13   2.4690E-06   2.4960E-06   0.98919
FLUX 1013  4210.00        7.120962E+13   2.4649E-06   2.4737E-06   0.99644
FLUX 1014  4230.00        7.087293E+13   2.4514E-06   2.4517E-06   0.99988
FLUX 1015  4250.00        7.053941E+13   2.4297E-06   2.4300E-06   0.99989
FLUX 1016  4270.00        7.020902E+13   2.4085E-06   2.4086E-06   0.99997
FLUX 1017  4290.00        6.988170E+13   2.3873E-06   2.3874E-06   0.99998
FLUX 1018  4310.00        6.955742E+13   2.3663E-06   2.3665E-06   0.99991
FLUX 1019  4330.00        6.923614E+13   2.3429E-06   2.3459E-06   0.99870
FLUX 1020  4350.00        6.891782E+13   2.3095E-06   2.3256E-06   0.99309
FLUX 1021  4370.00        6.860240E+13   2.2082E-06   2.3055E-06   0.95781
FLUX 1022  4390.00        6.828986E+13   2.2353E-06   2.2857E-06   0.97795
FLUX 1023  4410.00        6.798016E+13   2.2563E-06   2.2661E-06   0.99566
FLUX 1024  4430.00        6.767325E+13   2.2457E-06   2.2468E-06   0.99952
FLUX 1025  4450.00        6.736910E+13   2.2272E-06   2.2277E-06   0.99976
FLUX 1026  4470.00        6.706767E+13   2.2114E-06   2.2178E-06   0.99712
FLUX 1027  4490.00        6.676893E+13   2.1890E-06   2.1991E-06   0.99540
FLUX 1028  4510.00        6.647284E+13   2.1710E-06   2.1806E-06   0.99561
FLUX 1029  4530.00        6.617936E+13   2.1527E-06   2.1624E-06   0.99551
FLUX 1030  4550.00        6.588846E+13   2.1348E-06   2.1444E-06   0.99551
FLUX 1031  4570.00        6.560011E+13   2.1162E-06   2.1266E-06   0.99512
FLUX 1032  4590.00        6.531427E+13   2.0973E-06   2.1090E-06   0.99441
FLUX 1033  4610.00        6.503091E+13   2.0770E-06   2.0917E-06   0.99296
FLUX 1034  4630.00        6.475000E+13   2.0446E-06   2.0746E-06   0.98557
FLUX 1035  4650.00        6.447151E+13   1.9164E-06   2.0576E-06   0.93136
FLUX 1036  4670.00        6.419540E+13   1.9142E-06   2.0409E-06   0.93791
FLUX 1037  4690.00        6.392164E+13   1.9811E-06   2.0244E-06   0.97863
FLUX 1038  4710.00        6.365021E+13   1.9920E-06   2.0081E-06   0.99197
FLUX 1039  4730.00        6.338108E+13   1.9815E-06   1.9920E-06   0.99473
FLUX 1040  4750.00        6.311421E+13   1.9668E-06   1.9761E-06   0.99534
FLUX 1041  4770.00        6.284958E+13   1.9522E-06   1.9603E-06   0.99584
FLUX 1042  4790.00        6.258716E+13   1.9375E-06   1.9448E-06   0.99627
FLUX 1043  4810.00        6.232692E+13   1.9225E-06   1.9294E-06   0.99640
FLUX 1044  4830.00        6.206884E+13   1.9075E-06   1.9142E-06   0.99649
FLUX 1045  4850.00        6.181289E+13   1.8928E-06   1.8992E-06   0.99660
FLUX 1046  4870.00        6.155903E+13   1.8781E-06   1.8844E-06   0.99666
FLUX 1047  4890.00        6.130726E+13   1.8636E-06   1.8697E-06   0.99669
FLUX 1048  4910.00        6.105754E+13   1.8490E-06   1.8553E-06   0.99661
FLUX 1049  4930.00        6.080984E+13   1.8349E-06   1.8409E-06   0.99673
FLUX 1050  4950.00        6.056414E+13   1.8209E-06   1.8268E-06   0.99678
FLUX 1051  4970.00        6.032042E+13   1.8068E-06   1.8128E-06   0.99669
FLUX 1052  4990.00        6.007866E+13   1.7930E-06   1.7990E-06   0.99669
FLUX 1053  5010.00        5.983882E+13   1.7793E-06   1.7853E-06   0.99663
FLUX 1054  5030.00        5.960089E+13   1.7654E-06   1.7718E-06   0.99637
FLUX 1055  5050.00        5.936485E+13   1.7520E-06   1.7584E-06   0.99637
FLUX 1056  5070.00        5.913067E+13   1.7377E-06   1.7452E-06   0.99569
FLUX 1057  5090.00        5.889833E+13   1.7202E-06   1.7322E-06   0.99313
FLUX 1058  5110.00        5.866781E+13   1.6871E-06   1.7192E-06   0.98132
FLUX 1059  5130.00        5.843908E+13   1.6013E-06   1.7065E-06   0.93839
FLUX 1060  5150.00        5.821214E+13   1.6680E-06   1.6938E-06   0.98478
FLUX 1061  5170.00        5.798694E+13   1.6703E-06   1.6813E-06   0.99343
FLUX 1062  5190.00        5.776349E+13   1.6621E-06   1.6690E-06   0.99589
FLUX 1063  5210.00        5.754175E+13   1.6514E-06   1.6567E-06   0.99678
FLUX 1064  5230.00        5.732170E+13   1.6396E-06   1.6447E-06   0.99693
FLUX 1065  5250.00        5.710333E+13   1.6265E-06   1.6327E-06   0.99621
FLUX 1066  5270.00        5.688662E+13   1.6140E-06   1.6209E-06   0.99576
FLUX 1067  5290.00        5.667155E+13   1.6044E-06   1.6092E-06   0.99705
FLUX 1068  5310.00        5.645810E+13   1.5937E-06   1.5976E-06   0.99755
FLUX 1069  5330.00        5.624625E+13   1.5823E-06   1.5862E-06   0.99760
FLUX 1070  5350.00        5.603598E+13   1.5703E-06   1.5748E-06   0.99711
FLUX 1071  5370.00        5.582728E+13   1.5560E-06   1.5636E-06   0.99515
FLUX 1072  5390.00        5.562013E+13   1.5451E-06   1.5525E-06   0.99522
FLUX 1073  5410.00        5.541451E+13   1.5373E-06   1.5416E-06   0.99722
FLUX 1074  5430.00        5.521041E+13   1.5274E-06   1.5307E-06   0.99781
FLUX 1075  5450.00        5.500780E+13   1.5196E-06   1.5200E-06   0.99973
FLUX 1076  5470.00        5.480667E+13   1.5070E-06   1.5093E-06   0.99843
FLUX 1077  5490.00        5.460701E+13   1.4948E-06   1.4988E-06   0.99731
FLUX 1078  5510.00        5.440880E+13   1.4808E-06   1.4884E-06   0.99485
FLUX 1079  5530.00        5.421203E+13   1.4668E-06   1.4781E-06   0.99233
FLUX 1080  5550.00        5.401667E+13   1.4627E-06   1.4679E-06   0.99642
FLUX 1081  5570.00        5.382271E+13   1.4551E-06   1.4578E-06   0.99810
FLUX 1082  5590.00        5.363014E+13   1.4470E-06   1.4479E-06   0.99937
FLUX 1083  5610.00        5.343895E+13   1.4376E-06   1.4380E-06   0.99975
FLUX 1084  5630.00        5.324911E+13   1.4280E-06   1.4282E-06   0.99988
FLUX 1085  5650.00        5.306062E+13   1.4184E-06   1.4185E-06   0.99989
FLUX 1086  5670.00        5.287346E+13   1.4055E-06   1.4089E-06   0.99755
FLUX 1087  5690.00        5.268761E+13   1.3922E-06   1.3994E-06   0.99486
FLUX 1088  5710.00        5.250306E+13   1.3727E-06   1.3900E-06   0.98751
FLUX 1089  5730.00        5.231981E+13   1.3723E-06   1.3808E-06   0.99386
FLUX 1090  5750.00        5.213783E+13   1.3679E-06   1.3715E-06   0.99735
FLUX 1091  5770.00        5.195711E+13   1.3623E-06   1.3624E-06   0.99989
FLUX 1092  5790.00        5.177763E+13   1.3532E-06   1.3534E-06   0.99985
FLUX 1093  5810.00        5.159940E+13   1.3444E-06   1.3445E-06   0.99991
FLUX 1094  5830.00        5.142238E+13   1.3340E-06   1.3356E-06   0.99881
FLUX 1095  5850.00        5.124658E+13   1.3234E-06   1.3297E-06   0.99528
FLUX 1096  5870.00        5.107198E+13   1.3114E-06   1.3210E-06   0.99270
FLUX 1097  5890.00        5.089856E+13   1.2853E-06   1.3124E-06   0.97937
FLUX 1098  5910.00        5.072631E+13   1.2198E-06   1.3039E-06   0.93554
FLUX 1099  5930.00        5.055523E+13   1.2716E-06   1.2954E-06   0.98162
FLUX 1100  5950.00        5.038529E+13   1.2581E-06   1.2870E-06   0.97750
FLUX 1101  5970.00        5.021650E+13   1.2593E-06   1.2787E-06   0.98477
FLUX 1102  5990.00        5.004883E+13   1.2624E-06   1.2705E-06   0.99361
FLUX 1103  6010.00        4.988228E+13   1.2572E-06   1.2624E-06   0.99587
FLUX 1104  6030.00        4.971683E+13   1.2502E-06   1.2544E-06   0.99669
FLUX 1105  6050.00        4.955248E+13   1.2427E-06   1.2464E-06   0.99705
FLUX 1106  6070.00        4.938921E+13   1.2350E-06   1.2385E-06   0.99722
FLUX 1107  6090.00        4.922701E+13   1.2273E-06   1.2307E-06   0.99731
FLUX 1108  6110.00        4.906588E+13   1.2195E-06   1.2229E-06   0.99725
FLUX 1109  6130.00        4.890579E+13   1.2122E-06   1.2152E-06   0.99750
FLUX 1110  6150.00        4.874675E+13   1.2046E-06   1.2076E-06   0.99752
FLUX 1111  6170.00        4.858874E+13   1.1971E-06   1.2001E-06   0.99755
FLUX 1112  6190.00        4.843174E+13   1.1896E-06   1.1926E-06   0.99744
FLUX 1113  6210.00        4.827576E+13   1.1820E-06   1.1852E-06   0.99728
FLUX 1114  6230.00        4.812079E+13   1.1739E-06   1.1779E-06   0.99660
FLUX 1115  6250.00        4.796680E+13   1.1648E-06   1.1706E-06   0.99503
FLUX 1116  6270.00        4.781380E+13   1.1499E-06   1.1634E-06   0.98834
FLUX 1117  6290.00        4.766176E+13   1.1173E-06   1.1563E-06   0.96625
FLUX 1118  6310.00        4.751070E+13   1.1324E-06   1.1492E-06   0.98534
FLUX 1119  6330.00        4.736058E+13   1.1358E-06   1.1422E-06   0.99435
FLUX 1120  6350.00        4.721142E+13   1.1314E-06   1.1353E-06   0.99660
FLUX 1121  6370.00        4.706319E+13   1.1255E-06   1.1284E-06   0.99742
FLUX 1122  6390.00        4.691588E+13   1.1191E-06   1.1216E-06   0.99773
FLUX 1123  6420.00        4.669665E+13   1.1102E-06   1.1115E-06   0.99877
FLUX 1124  6460.00        4.640751E+13   1.0980E-06   1.0983E-06   0.99978
FLUX 1125  6500.00        4.612192E+13   1.0850E-06   1.0852E-06   0.99975
FLUX 1126  6540.00        4.583983E+13   1.0723E-06   1.0725E-06   0.99990
FLUX 1127  6580.00        4.556117E+13   1.0596E-06   1.0599E-06   0.99975
FLUX 1128  6620.00        4.528588E+13   1.0471E-06   1.0475E-06   0.99954
FLUX 1129  6660.00        4.501389E+13   1.0345E-06   1.0354E-06   0.99912
FLUX 1130  6700.00        4.474515E+13   1.0206E-06   1.0235E-06   0.99721
FLUX 1131  6740.00        4.447960E+13   1.0019E-06   1.0118E-06   0.99024
FLUX 1132  6780.00        4.421718E+13   9.6965E-07   1.0002E-06   0.96942
FLUX 1133  6820.00        4.395784E+13   9.8403E-07   9.8891E-07   0.99506
FLUX 1134  6860.00        4.370153E+13   9.7608E-07   9.7778E-07   0.99827
FLUX 1135  6900.00        4.344819E+13   9.6631E-07   9.6683E-07   0.99947
FLUX 1136  6940.00        4.319777E+13   9.5533E-07   9.5606E-07   0.99924
FLUX 1137  6980.00        4.295021E+13   9.4500E-07   9.4547E-07   0.99950
FLUX 1138  7020.00        4.270548E+13   9.3482E-07   9.3506E-07   0.99974
FLUX 1139  7060.00        4.246353E+13   9.2451E-07   9.2482E-07   0.99967
FLUX 1140  7100.00        4.222430E+13   9.1375E-07   9.1474E-07   0.99891
FLUX 1141  7140.00        4.198775E+13   9.0458E-07   9.0483E-07   0.99972
FLUX 1142  7180.00        4.175383E+13   8.9486E-07   8.9508E-07   0.99976
FLUX 1143  7220.00        4.152251E+13   8.8485E-07   8.8548E-07   0.99929
FLUX 1144  7260.00        4.129373E+13   8.7383E-07   8.7604E-07   0.99749
FLUX 1145  7300.00        4.106747E+13   8.6548E-07   8.6674E-07   0.99855
FLUX 1146  7340.00        4.084366E+13   8.5720E-07   8.5759E-07   0.99954
FLUX 1147  7380.00        4.062229E+13   8.4609E-07   8.4859E-07   0.99705
FLUX 1148  7420.00        4.040330E+13   8.3309E-07   8.3975E-07   0.99206
FLUX 1149  7460.00        4.018666E+13   7.9359E-07   8.3106E-07   0.95492
FLUX 1150  7500.00        3.997233E+13   7.7720E-07   8.2249E-07   0.94494
FLUX 1151  7540.00        3.976028E+13   8.0233E-07   8.1405E-07   0.98560
FLUX 1152  7580.00        3.955046E+13   8.0213E-07   8.0575E-07   0.99550
FLUX 1153  7620.00        3.934285E+13   7.9533E-07   7.9757E-07   0.99719
FLUX 1154  7660.00        3.913740E+13   7.8766E-07   7.8951E-07   0.99765
FLUX 1155  7700.00        3.893409E+13   7.7981E-07   7.8158E-07   0.99773
FLUX 1156  7740.00        3.873288E+13   7.7134E-07   7.7376E-07   0.99687
FLUX 1157  7780.00        3.853374E+13   7.6131E-07   7.6606E-07   0.99380
FLUX 1158  7820.00        3.833664E+13   7.5616E-07   7.5847E-07   0.99695
FLUX 1159  7860.00        3.814154E+13   7.5037E-07   7.5100E-07   0.99917
FLUX 1160  7900.00        3.794842E+13   7.4361E-07   7.4363E-07   0.99997
FLUX 1161  7940.00        3.775724E+13   7.3635E-07   7.3638E-07   0.99997
FLUX 1162  7980.00        3.756798E+13   7.2915E-07   7.2922E-07   0.99990
FLUX 1163  8020.00        3.738061E+13   7.2210E-07   7.2217E-07   0.99989
FLUX 1164  8060.00        3.719510E+13   7.1507E-07   7.1522E-07   0.99979
FLUX 1165  8100.00        3.701142E+13   7.0657E-07   7.0838E-07   0.99745
FLUX 1166  8140.00        3.682955E+13   6.9600E-07   7.0162E-07   0.99199
FLUX 1167  8180.00        3.664945E+13   6.9101E-07   6.9497E-07   0.99431
FLUX 1168  8220.00        3.647111E+13   6.8729E-07   6.8840E-07   0.99838
FLUX 1169  8260.00        3.629449E+13   6.8191E-07   6.8193E-07   0.99997
FLUX 1170  8300.00        3.611958E+13   6.7550E-07   6.7555E-07   0.99991
FLUX 1171  8340.00        3.594634E+13   6.6909E-07   6.6926E-07   0.99974
FLUX 1172  8380.00        3.577476E+13   6.6283E-07   6.6306E-07   0.99966
FLUX 1173  8420.00        3.560481E+13   6.5677E-07   6.5694E-07   0.99975
FLUX 1174  8460.00        3.543647E+13   6.5085E-07   6.5090E-07   0.99991
FLUX 1175  8500.00        3.526971E+13   6.4494E-07   6.4495E-07   0.99997
FLUX 1176  8540.00        3.510451E+13   6.3902E-07   6.3908E-07   0.99990
FLUX 1177  8580.00        3.494085E+13   6.3260E-07   6.3329E-07   0.99891
FLUX 1178  8620.00        3.477871E+13   6.2494E-07   6.2758E-07   0.99580
FLUX 1179  8660.00        3.461807E+13   6.1230E-07   6.2194E-07   0.98450
FLUX 1180  8700.00        3.445891E+13   6.1177E-07   6.1638E-07   0.99252
FLUX 1181  8740.00        3.430120E+13   5.9498E-07   6.1089E-07   0.97396
FLUX 1182  8780.00        3.414493E+13   5.8984E-07   6.0547E-07   0.97418
FLUX 1183  8820.00        3.399008E+13   5.9798E-07   6.0013E-07   0.99642
FLUX 1184  8860.00        3.383663E+13   5.9446E-07   5.9486E-07   0.99934
FLUX 1185  8900.00        3.368455E+13   5.8959E-07   5.8965E-07   0.99990
FLUX 1186  8940.00        3.353384E+13   5.8450E-07   5.8451E-07   0.99997
FLUX 1187  8980.00        3.338447E+13   5.7939E-07   5.7944E-07   0.99991
FLUX 1188  9020.00        3.323642E+13   5.7442E-07   5.7444E-07   0.99997
FLUX 1189  9060.00        3.308968E+13   5.6948E-07   5.6950E-07   0.99997
FLUX 1190  9100.00        3.294423E+13   5.6457E-07   5.6462E-07   0.99990
FLUX 1191  9140.00        3.280005E+13   5.5975E-07   5.5981E-07   0.99990
FLUX 1192  9180.00        3.265714E+13   5.5503E-07   5.5505E-07   0.99997
FLUX 1193  9220.00        3.251546E+13   5.5030E-07   5.5036E-07   0.99990
FLUX 1194  9260.00        3.237500E+13   5.4454E-07   5.4572E-07   0.99784
FLUX 1195  9300.00        3.223575E+13   5.3983E-07   5.4115E-07   0.99756
FLUX 1196  9340.00        3.209770E+13   5.3413E-07   5.3663E-07   0.99536
FLUX 1197  9380.00        3.196082E+13   5.2035E-07   5.3216E-07   0.97780
FLUX 1198  9420.00        3.182511E+13   5.2186E-07   5.2775E-07   0.98883
FLUX 1199  9460.00        3.169054E+13   5.2169E-07   5.2340E-07   0.99673
FLUX 1200  9500.00        3.155711E+13   5.1784E-07   5.1910E-07   0.99758
FLUX 1201  9540.00        3.142479E+13   5.1400E-07   5.1485E-07   0.99835
FLUX 1202  9580.00        3.129358E+13   5.1063E-07   5.1065E-07   0.99997
FLUX 1203  9620.00        3.116346E+13   5.0646E-07   5.0650E-07   0.99991
FLUX 1204  9660.00        3.103442E+13   5.0240E-07   5.0241E-07   0.99998
FLUX 1205  9700.00        3.090644E+13   4.9835E-07   4.9836E-07   0.99998
FLUX 1206  9740.00        3.077952E+13   4.9432E-07   4.9436E-07   0.99991
FLUX 1207  9780.00        3.065363E+13   4.9040E-07   4.9041E-07   0.99997
FLUX 1208  9820.00        3.052877E+13   4.8596E-07   4.8651E-07   0.99887
FLUX 1209  9860.00        3.040492E+13   4.8172E-07   4.8265E-07   0.99808
FLUX 1210  9900.00        3.028207E+13   4.7882E-07   4.7884E-07   0.99997
FLUX 1211  9940.00        3.016021E+13   4.7506E-07   4.7507E-07   0.99997
FLUX 1212  9980.00        3.003933E+13   4.7131E-07   4.7135E-07   0.99991
FLUX 1213 10020.00        2.991941E+13   4.6763E-07   4.6767E-07   0.99991
FLUX 1214 20000.00        1.498963E+13   1.1908E-07   1.1908E-07   0.99999
FLUX 1215 40000.00        7.494813E+12   2.9581E-08   2.9581E-08   1.00000
FLUX 1216 60000.00        4.996542E+12   1.3021E-08   1.3021E-08   1.00000
FLUX 1217 80000.00        3.747406E+12   7.2611E-09   7.2611E-09   1.00000
